date,symbol,expiry,type,strike,timestamp,open,high,low,close,volume,trade_count,vwap
2026-03-31,MSFT260401C00350000,2026-04-01,call,350.0,2026-03-31T04:00:00Z,16.92,21.9,14,20.4,73,12,17.161096
2026-03-31,MSFT260401C00392500,2026-04-01,call,392.5,2026-03-31T04:00:00Z,0.01,0.06,0.01,0.01,98,17,0.025408
2026-03-31,MSFT260401C00397500,2026-04-01,call,397.5,2026-03-31T04:00:00Z,0.07,0.07,0.01,0.01,14,6,0.014286
2026-03-31,MSFT260401P00342500,2026-04-01,put,342.5,2026-03-31T04:00:00Z,0.22,0.22,0.01,0.01,775,98,0.045277
2026-03-31,MSFT260401P00350000,2026-04-01,put,350.0,2026-03-31T04:00:00Z,0.4,0.4,0.01,0.02,2213,338,0.1146
2026-03-31,MSFT260401P00382500,2026-04-01,put,382.5,2026-03-31T04:00:00Z,12.69,13.37,12.69,13.37,2,2,13.03
2026-03-31,MSFT260401P00390000,2026-04-01,put,390.0,2026-03-31T04:00:00Z,23.57,23.57,18.9,19,12,7,20.636667
2026-03-31,MSFT260401C00375000,2026-04-01,call,375.0,2026-03-31T04:00:00Z,0.51,1.5,0.2,0.83,11772,2218,0.68673
2026-03-31,MSFT260401C00377500,2026-04-01,call,377.5,2026-03-31T04:00:00Z,0.33,0.76,0.1,0.4,3304,823,0.399065
2026-03-31,MSFT260401P00327500,2026-04-01,put,327.5,2026-03-31T04:00:00Z,0.01,0.01,0.01,0.01,12,1,0.01
2026-03-31,MSFT260401P00347500,2026-04-01,put,347.5,2026-03-31T04:00:00Z,0.42,0.42,0.01,0.01,943,124,0.079873
2026-03-31,MSFT260401C00382500,2026-04-01,call,382.5,2026-03-31T04:00:00Z,0.12,0.18,0.02,0.07,1617,241,0.120637
2026-03-31,MSFT260401P00335000,2026-04-01,put,335.0,2026-03-31T04:00:00Z,0.05,0.07,0.01,0.01,311,37,0.025402
2026-03-31,MSFT260401C00355000,2026-04-01,call,355.0,2026-03-31T04:00:00Z,10.1,16.08,9.1,16.06,317,59,11.335741
2026-03-31,MSFT260401C00370000,2026-04-01,call,370.0,2026-03-31T04:00:00Z,1.58,4,0.73,2.65,17748,4197,1.916858
2026-03-31,MSFT260401C00415000,2026-04-01,call,415.0,2026-03-31T04:00:00Z,0.03,0.03,0.01,0.01,6,3,0.013333
2026-03-31,MSFT260401C00445000,2026-04-01,call,445.0,2026-03-31T04:00:00Z,0.01,0.01,0.01,0.01,12,4,0.01
2026-03-31,MSFT260401C00372500,2026-04-01,call,372.5,2026-03-31T04:00:00Z,0.83,2.6,0.39,1.55,12439,2486,1.200792
2026-03-31,MSFT260401P00345000,2026-04-01,put,345.0,2026-03-31T04:00:00Z,0.32,0.32,0.01,0.01,944,168,0.055064
2026-03-31,MSFT260401P00400000,2026-04-01,put,400.0,2026-03-31T04:00:00Z,32.1,36.47,28.6,29.8,10,10,31.067
2026-03-31,MSFT260401P00360000,2026-04-01,put,360.0,2026-03-31T04:00:00Z,1.58,1.85,0.12,0.22,19074,2181,0.809878
2026-03-31,MSFT260401P00355000,2026-04-01,put,355.0,2026-03-31T04:00:00Z,0.91,0.91,0.02,0.05,3463,657,0.292301
2026-03-31,MSFT260401C00330000,2026-04-01,call,330.0,2026-03-31T04:00:00Z,34.4,41.6,34.4,41.6,123,40,38.883659
2026-03-31,MSFT260401C00380000,2026-04-01,call,380.0,2026-03-31T04:00:00Z,0.32,0.38,0.04,0.19,12192,1190,0.208246
2026-03-31,MSFT260401C00402500,2026-04-01,call,402.5,2026-03-31T04:00:00Z,0.01,0.01,0.01,0.01,1,1,0.01
2026-03-31,MSFT260401C00407500,2026-04-01,call,407.5,2026-03-31T04:00:00Z,0.02,0.02,0.01,0.01,198,21,0.010101
2026-03-31,MSFT260401P00337500,2026-04-01,put,337.5,2026-03-31T04:00:00Z,0.1,0.1,0.01,0.01,195,27,0.018769
2026-03-31,MSFT260401P00377500,2026-04-01,put,377.5,2026-03-31T04:00:00Z,11.7,14.28,6.03,6.25,85,11,11.206353
2026-03-31,MSFT260401C00362500,2026-04-01,call,362.5,2026-03-31T04:00:00Z,5,10,3.45,9.3,1729,446,5.001943
2026-03-31,MSFT260401C00385000,2026-04-01,call,385.0,2026-03-31T04:00:00Z,0.08,0.12,0.01,0.03,3721,436,0.064367
2026-03-31,MSFT260401C00395000,2026-04-01,call,395.0,2026-03-31T04:00:00Z,0.03,0.04,0.01,0.01,204,63,0.011667
2026-03-31,MSFT260401C00405000,2026-04-01,call,405.0,2026-03-31T04:00:00Z,0.02,0.02,0.01,0.01,3,2,0.013333
2026-03-31,MSFT260401P00352500,2026-04-01,put,352.5,2026-03-31T04:00:00Z,0.31,0.49,0.02,0.03,4727,332,0.19231
2026-03-31,MSFT260401P00357500,2026-04-01,put,357.5,2026-03-31T04:00:00Z,0.92,1.12,0.06,0.1,3654,776,0.559453
2026-03-31,MSFT260401P00370000,2026-04-01,put,370.0,2026-03-31T04:00:00Z,6.8,7.55,1.5,2.41,5181,714,3.539048
2026-03-31,MSFT260401P00385000,2026-04-01,put,385.0,2026-03-31T04:00:00Z,19.5,19.5,12.5,12.5,132,12,17.845455
2026-03-31,MSFT260401C00352500,2026-04-01,call,352.5,2026-03-31T04:00:00Z,13.82,18.55,13.82,18.55,17,4,17.999412
2026-03-31,MSFT260401P00367500,2026-04-01,put,367.5,2026-03-31T04:00:00Z,4.3,5.65,0.8,1.48,6107,1228,2.341415
2026-03-31,MSFT260401P00380000,2026-04-01,put,380.0,2026-03-31T04:00:00Z,14.69,15.99,8.8,9.05,53,24,13.845472
2026-03-31,MSFT260401C00360000,2026-04-01,call,360.0,2026-03-31T04:00:00Z,6.5,11.9,4.75,10.3,1705,320,8.343279
2026-03-31,MSFT260401C00367500,2026-04-01,call,367.5,2026-03-31T04:00:00Z,2.1,6,1.26,4,12306,3254,2.792916
2026-03-31,MSFT260401C00420000,2026-04-01,call,420.0,2026-03-31T04:00:00Z,0.01,0.01,0.01,0.01,2,1,0.01
2026-03-31,MSFT260401C00430000,2026-04-01,call,430.0,2026-03-31T04:00:00Z,0.01,0.01,0.01,0.01,4,1,0.01
2026-03-31,MSFT260401P00325000,2026-04-01,put,325.0,2026-03-31T04:00:00Z,0.01,0.06,0.01,0.06,74,9,0.035405
2026-03-31,MSFT260401P00330000,2026-04-01,put,330.0,2026-03-31T04:00:00Z,0.04,0.05,0.01,0.01,56,12,0.035179
2026-03-31,MSFT260401P00332500,2026-04-01,put,332.5,2026-03-31T04:00:00Z,0.01,0.01,0.01,0.01,1,1,0.01
2026-03-31,MSFT260401C00387500,2026-04-01,call,387.5,2026-03-31T04:00:00Z,0.16,0.16,0.01,0.02,845,96,0.037704
2026-03-31,MSFT260401C00390000,2026-04-01,call,390.0,2026-03-31T04:00:00Z,0.07,0.07,0.01,0.01,673,96,0.02312
2026-03-31,MSFT260401C00400000,2026-04-01,call,400.0,2026-03-31T04:00:00Z,0.01,0.03,0.01,0.02,101,18,0.011089
2026-03-31,MSFT260401C00325000,2026-04-01,call,325.0,2026-03-31T04:00:00Z,41.55,41.55,41.55,41.55,10,1,41.55
2026-03-31,MSFT260401C00335000,2026-04-01,call,335.0,2026-03-31T04:00:00Z,29.44,29.44,29.44,29.44,11,1,29.44
2026-03-31,MSFT260401C00340000,2026-04-01,call,340.0,2026-03-31T04:00:00Z,25.76,31.3,25.76,31.3,28,4,27.872143
2026-03-31,MSFT260401C00410000,2026-04-01,call,410.0,2026-03-31T04:00:00Z,0.01,0.06,0.01,0.06,2,2,0.035
2026-03-31,MSFT260401P00375000,2026-04-01,put,375.0,2026-03-31T04:00:00Z,10.12,11.5,4.48,5.15,139,45,8.551007
2026-03-31,MSFT260401C00347500,2026-04-01,call,347.5,2026-03-31T04:00:00Z,23.85,23.85,23.85,23.85,1,1,23.85
2026-03-31,MSFT260401C00365000,2026-04-01,call,365.0,2026-03-31T04:00:00Z,3.1,7.91,2.14,5.85,12149,2186,3.323304
2026-03-31,MSFT260401P00365000,2026-04-01,put,365.0,2026-03-31T04:00:00Z,3.45,4.05,0.44,0.83,10220,2269,2.414832
2026-03-31,MSFT260401P00362500,2026-04-01,put,362.5,2026-03-31T04:00:00Z,3,3,0.22,0.42,7369,1744,1.704583
2026-03-31,MSFT260401P00372500,2026-04-01,put,372.5,2026-03-31T04:00:00Z,7.7,9.44,2.48,3.79,649,141,5.402696
2026-03-31,MSFT260401P00340000,2026-04-01,put,340.0,2026-03-31T04:00:00Z,0.08,0.12,0.01,0.01,1109,80,0.046898
2026-03-31,MSFT260401C00357500,2026-04-01,call,357.5,2026-03-31T04:00:00Z,8.4,14,7,13.83,209,65,10.120191
2026-03-31,MSFT260401C00342500,2026-04-01,call,342.5,2026-03-31T04:00:00Z,21.69,27.42,21.69,27.42,27,2,22.326667
2026-03-31,MSFT260401C00345000,2026-04-01,call,345.0,2026-03-31T04:00:00Z,19.68,26.28,19.68,26.28,3,3,23.286667
2026-03-31,MSFT260402C00325000,2026-04-02,call,325.0,2026-03-31T04:00:00Z,41.5,43.82,39.18,43.82,11,5,41.636364
2026-03-31,MSFT260402C00345000,2026-04-02,call,345.0,2026-03-31T04:00:00Z,21.6,25.75,19.08,25.18,48,44,20.8175
2026-03-31,MSFT260402C00510000,2026-04-02,call,510.0,2026-03-31T04:00:00Z,0.01,0.01,0.01,0.01,2,2,0.01
2026-03-31,MSFT260402C00570000,2026-04-02,call,570.0,2026-03-31T04:00:00Z,0.35,0.35,0.2,0.2,2,2,0.275
2026-03-31,MSFT260402C00585000,2026-04-02,call,585.0,2026-03-31T04:00:00Z,0.1,0.1,0.1,0.1,1,1,0.1
2026-03-31,MSFT260402C00392500,2026-04-02,call,392.5,2026-03-31T04:00:00Z,0.05,0.06,0.02,0.03,878,31,0.042437
2026-03-31,MSFT260402C00397500,2026-04-02,call,397.5,2026-03-31T04:00:00Z,0.03,0.04,0.01,0.03,427,24,0.025574
2026-03-31,MSFT260402C00357500,2026-04-02,call,357.5,2026-03-31T04:00:00Z,9.85,14.8,7.95,14.54,173,78,10.23
2026-03-31,MSFT260402C00407500,2026-04-02,call,407.5,2026-03-31T04:00:00Z,0.01,0.02,0.01,0.01,16,6,0.01125
2026-03-31,MSFT260402C00425000,2026-04-02,call,425.0,2026-03-31T04:00:00Z,0.02,0.03,0.01,0.01,31,14,0.010968
2026-03-31,MSFT260402C00500000,2026-04-02,call,500.0,2026-03-31T04:00:00Z,0.01,0.01,0.01,0.01,1,1,0.01
2026-03-31,MSFT260402P00332500,2026-04-02,put,332.5,2026-03-31T04:00:00Z,0.08,0.08,0.02,0.02,26,8,0.047692
2026-03-31,MSFT260402C00367500,2026-04-02,call,367.5,2026-03-31T04:00:00Z,1.84,6.85,1.84,5.3,4642,1098,3.617492
2026-03-31,MSFT260402C00460000,2026-04-02,call,460.0,2026-03-31T04:00:00Z,0.01,0.01,0.01,0.01,2,2,0.01
2026-03-31,MSFT260402C00342500,2026-04-02,call,342.5,2026-03-31T04:00:00Z,24.9,24.9,21.75,24.73,41,39,23.15
2026-03-31,MSFT260402C00410000,2026-04-02,call,410.0,2026-03-31T04:00:00Z,0.03,0.03,0.01,0.01,42,15,0.010952
2026-03-31,MSFT260402C00470000,2026-04-02,call,470.0,2026-03-31T04:00:00Z,0.01,0.01,0.01,0.01,1,1,0.01
2026-03-31,MSFT260402P00305000,2026-04-02,put,305.0,2026-03-31T04:00:00Z,0.02,0.03,0.02,0.03,2,2,0.025
2026-03-31,MSFT260402C00347500,2026-04-02,call,347.5,2026-03-31T04:00:00Z,20.32,20.32,16.65,17.08,24,20,19.162917
2026-03-31,MSFT260402C00550000,2026-04-02,call,550.0,2026-03-31T04:00:00Z,0.1,0.35,0.1,0.35,2,2,0.225
2026-03-31,MSFT260402C00555000,2026-04-02,call,555.0,2026-03-31T04:00:00Z,0.15,0.15,0.15,0.15,1,1,0.15
2026-03-31,MSFT260402P00290000,2026-04-02,put,290.0,2026-03-31T04:00:00Z,0.01,0.01,0.01,0.01,1,1,0.01
2026-03-31,MSFT260402P00310000,2026-04-02,put,310.0,2026-03-31T04:00:00Z,0.03,0.07,0.01,0.07,11,6,0.02
2026-03-31,MSFT260402P00335000,2026-04-02,put,335.0,2026-03-31T04:00:00Z,0.12,0.14,0.03,0.03,232,59,0.045733
2026-03-31,MSFT260402C00362500,2026-04-02,call,362.5,2026-03-31T04:00:00Z,5.65,11.05,4.6,8.97,680,230,6.365809
2026-03-31,MSFT260402C00377500,2026-04-02,call,377.5,2026-03-31T04:00:00Z,0.93,1.63,0.37,1.08,2159,664,0.928527
2026-03-31,MSFT260402C00380000,2026-04-02,call,380.0,2026-03-31T04:00:00Z,0.43,1.04,0.2,0.66,9468,1135,0.53449
2026-03-31,MSFT260402C00382500,2026-04-02,call,382.5,2026-03-31T04:00:00Z,0.29,0.63,0.12,0.35,3215,307,0.366787
2026-03-31,MSFT260402C00390000,2026-04-02,call,390.0,2026-03-31T04:00:00Z,0.07,0.1,0.01,0.07,3419,255,0.068064
2026-03-31,MSFT260402C00402500,2026-04-02,call,402.5,2026-03-31T04:00:00Z,0.05,0.05,0.01,0.01,107,17,0.019346
2026-03-31,MSFT260402C00385000,2026-04-02,call,385.0,2026-03-31T04:00:00Z,0.2,0.35,0.07,0.23,3887,471,0.194916
2026-03-31,MSFT260402C00412500,2026-04-02,call,412.5,2026-03-31T04:00:00Z,0.02,0.03,0.01,0.01,5,4,0.02
2026-03-31,MSFT260402C00415000,2026-04-02,call,415.0,2026-03-31T04:00:00Z,0.02,0.03,0.01,0.01,520,12,0.010173
2026-03-31,MSFT260402C00565000,2026-04-02,call,565.0,2026-03-31T04:00:00Z,0.1,0.22,0.1,0.22,2,2,0.16
2026-03-31,MSFT260402P00280000,2026-04-02,put,280.0,2026-03-31T04:00:00Z,0.01,0.03,0.01,0.03,6,2,0.026667
2026-03-31,MSFT260402P00325000,2026-04-02,put,325.0,2026-03-31T04:00:00Z,0.02,0.04,0.01,0.02,86,22,0.021628
2026-03-31,MSFT260402P00330000,2026-04-02,put,330.0,2026-03-31T04:00:00Z,0.06,0.13,0.02,0.02,222,41,0.033198
2026-03-31,MSFT260402C00340000,2026-04-02,call,340.0,2026-03-31T04:00:00Z,27.21,30,25.17,28.67,45,7,27.117333
2026-03-31,MSFT260402C00375000,2026-04-02,call,375.0,2026-03-31T04:00:00Z,0.98,2.62,0.6,1.75,9781,1721,1.506979
2026-03-31,MSFT260402C00387500,2026-04-02,call,387.5,2026-03-31T04:00:00Z,0.1,0.19,0.04,0.12,2788,140,0.098321
2026-03-31,MSFT260402C00405000,2026-04-02,call,405.0,2026-03-31T04:00:00Z,0.02,0.02,0.01,0.01,493,53,0.012961
2026-03-31,MSFT260402C00417500,2026-04-02,call,417.5,2026-03-31T04:00:00Z,0.01,0.01,0.01,0.01,10,3,0.01
2026-03-31,MSFT260402C00430000,2026-04-02,call,430.0,2026-03-31T04:00:00Z,0.02,0.07,0.01,0.01,11,7,0.017273
2026-03-31,MSFT260402C00515000,2026-04-02,call,515.0,2026-03-31T04:00:00Z,0.1,0.1,0.1,0.1,1,1,0.1
2026-03-31,MSFT260402C00320000,2026-04-02,call,320.0,2026-03-31T04:00:00Z,46,51,44.08,51,6,5,47.15
2026-03-31,MSFT260402C00327500,2026-04-02,call,327.5,2026-03-31T04:00:00Z,44.95,44.95,44.95,44.95,1,1,44.95
2026-03-31,MSFT260402C00330000,2026-04-02,call,330.0,2026-03-31T04:00:00Z,35.5,40,34.25,40,47,11,36.454255
2026-03-31,MSFT260402C00352500,2026-04-02,call,352.5,2026-03-31T04:00:00Z,15.15,17.75,15.15,16.73,36,4,17.096389
2026-03-31,MSFT260402C00360000,2026-04-02,call,360.0,2026-03-31T04:00:00Z,7.05,13,6.05,11.03,1414,335,8.307574
2026-03-31,MSFT260402C00505000,2026-04-02,call,505.0,2026-03-31T04:00:00Z,0.1,0.13,0.1,0.13,2,2,0.115
2026-03-31,MSFT260402C00540000,2026-04-02,call,540.0,2026-03-31T04:00:00Z,0.1,0.1,0.1,0.1,1,1,0.1
2026-03-31,MSFT260402C00270000,2026-04-02,call,270.0,2026-03-31T04:00:00Z,99.1,99.1,99.1,99.1,1,1,99.1
2026-03-31,MSFT260402C00337500,2026-04-02,call,337.5,2026-03-31T04:00:00Z,34.95,34.95,34.8,34.8,2,2,34.875
2026-03-31,MSFT260402C00350000,2026-04-02,call,350.0,2026-03-31T04:00:00Z,16,21.75,14.5,21.75,178,61,17.354888
2026-03-31,MSFT260402C00365000,2026-04-02,call,365.0,2026-03-31T04:00:00Z,4.15,9,3.25,6.91,5336,1305,5.305693
2026-03-31,MSFT260402C00440000,2026-04-02,call,440.0,2026-03-31T04:00:00Z,0.01,0.01,0.01,0.01,2,2,0.01
2026-03-31,MSFT260402C00445000,2026-04-02,call,445.0,2026-03-31T04:00:00Z,0.01,0.01,0.01,0.01,35,9,0.01
2026-03-31,MSFT260402C00595000,2026-04-02,call,595.0,2026-03-31T04:00:00Z,0.25,0.25,0.25,0.25,1,1,0.25
2026-03-31,MSFT260402C00355000,2026-04-02,call,355.0,2026-03-31T04:00:00Z,11.5,17.01,9.75,15.87,121,54,12.085868
2026-03-31,MSFT260402C00435000,2026-04-02,call,435.0,2026-03-31T04:00:00Z,0.01,0.04,0.01,0.01,67,9,0.019403
2026-03-31,MSFT260402C00450000,2026-04-02,call,450.0,2026-03-31T04:00:00Z,0.03,0.04,0.01,0.04,3,3,0.026667
2026-03-31,MSFT260402C00575000,2026-04-02,call,575.0,2026-03-31T04:00:00Z,0.35,0.35,0.35,0.35,1,1,0.35
2026-03-31,MSFT260402C00395000,2026-04-02,call,395.0,2026-03-31T04:00:00Z,0.02,0.04,0.01,0.03,626,74,0.026438
2026-03-31,MSFT260402C00400000,2026-04-02,call,400.0,2026-03-31T04:00:00Z,0.02,0.04,0.01,0.01,677,102,0.016411
2026-03-31,MSFT260402C00420000,2026-04-02,call,420.0,2026-03-31T04:00:00Z,0.02,0.04,0.01,0.01,53,14,0.016226
2026-03-31,MSFT260402C00535000,2026-04-02,call,535.0,2026-03-31T04:00:00Z,0.1,0.1,0.1,0.1,2,2,0.1
2026-03-31,MSFT260402C00590000,2026-04-02,call,590.0,2026-03-31T04:00:00Z,0.38,0.38,0.25,0.25,2,2,0.315
2026-03-31,MSFT260402P00320000,2026-04-02,put,320.0,2026-03-31T04:00:00Z,0.01,0.04,0.01,0.01,44,14,0.015
2026-03-31,MSFT260402P00327500,2026-04-02,put,327.5,2026-03-31T04:00:00Z,0.02,0.02,0.02,0.02,3,3,0.02
2026-03-31,MSFT260402C00300000,2026-04-02,call,300.0,2026-03-31T04:00:00Z,67,67,65.4,65.4,5,3,66.58
2026-03-31,MSFT260402C00335000,2026-04-02,call,335.0,2026-03-31T04:00:00Z,32.25,36,32.25,36,52,7,32.379808
2026-03-31,MSFT260402C00560000,2026-04-02,call,560.0,2026-03-31T04:00:00Z,0.35,0.35,0.15,0.17,8,8,0.255
2026-03-31,MSFT260402C00370000,2026-04-02,call,370.0,2026-03-31T04:00:00Z,2.08,5.3,1.49,3.94,15445,3239,3.071055
2026-03-31,MSFT260402C00372500,2026-04-02,call,372.5,2026-03-31T04:00:00Z,1.47,3.72,0.96,2.7,5578,1566,2.122164
2026-03-31,MSFT260402C00545000,2026-04-02,call,545.0,2026-03-31T04:00:00Z,0.35,0.35,0.1,0.12,5,5,0.184
2026-03-31,MSFT260402P00352500,2026-04-02,put,352.5,2026-03-31T04:00:00Z,0.93,0.93,0.16,0.22,2732,297,0.413605
2026-03-31,MSFT260402P00367500,2026-04-02,put,367.5,2026-03-31T04:00:00Z,6.4,6.45,1.75,2.51,3128,740,3.178935
2026-03-31,MSFT260402P00372500,2026-04-02,put,372.5,2026-03-31T04:00:00Z,7.35,9.91,3.85,4.72,583,88,4.570343
2026-03-31,MSFT260402P00392500,2026-04-02,put,392.5,2026-03-31T04:00:00Z,26.91,28.28,25.8,25.8,19,5,26.602632
2026-03-31,MSFT260406C00385000,2026-04-06,call,385.0,2026-03-31T04:00:00Z,0.45,1.02,0.3,0.72,2882,240,0.578133
2026-03-31,MSFT260402P00337500,2026-04-02,put,337.5,2026-03-31T04:00:00Z,0.11,0.11,0.02,0.02,62,30,0.074194
2026-03-31,MSFT260402P00342500,2026-04-02,put,342.5,2026-03-31T04:00:00Z,0.24,0.24,0.06,0.06,121,39,0.119256
2026-03-31,MSFT260402P00362500,2026-04-02,put,362.5,2026-03-31T04:00:00Z,3.01,3.75,0.76,1.14,2136,562,2.522505
2026-03-31,MSFT260402P00387500,2026-04-02,put,387.5,2026-03-31T04:00:00Z,22.6,23.25,17.78,17.78,26,11,21.392692
2026-03-31,MSFT260402P00445000,2026-04-02,put,445.0,2026-03-31T04:00:00Z,77.68,77.81,74.72,76.21,10,10,76.863
2026-03-31,MSFT260406C00340000,2026-04-06,call,340.0,2026-03-31T04:00:00Z,26.8,26.8,26.8,26.8,1,1,26.8
2026-03-31,MSFT260406C00377500,2026-04-06,call,377.5,2026-03-31T04:00:00Z,1.36,3,0.98,2.15,1075,381,1.83506
2026-03-31,MSFT260406C00380000,2026-04-06,call,380.0,2026-03-31T04:00:00Z,0.95,2.1,0.68,1.53,1049,289,1.298942
2026-03-31,MSFT260402P00345000,2026-04-02,put,345.0,2026-03-31T04:00:00Z,0.34,0.39,0.06,0.09,794,148,0.178967
2026-03-31,MSFT260402P00357500,2026-04-02,put,357.5,2026-03-31T04:00:00Z,1.82,1.84,0.37,0.52,1085,311,1.111788
2026-03-31,MSFT260402P00365000,2026-04-02,put,365.0,2026-03-31T04:00:00Z,4.45,5,1.15,1.71,10195,1299,2.729732
2026-03-31,MSFT260402P00385000,2026-04-02,put,385.0,2026-03-31T04:00:00Z,18.7,21.35,12.73,15.03,201,57,17.664577
2026-03-31,MSFT260402P00390000,2026-04-02,put,390.0,2026-03-31T04:00:00Z,23.85,26.54,16.75,18.6,102,11,23.75598
2026-03-31,MSFT260402P00430000,2026-04-02,put,430.0,2026-03-31T04:00:00Z,63.5,63.5,63.5,63.5,15,1,63.5
2026-03-31,MSFT260406C00350000,2026-04-06,call,350.0,2026-03-31T04:00:00Z,16.38,19.98,16.38,19.98,4,4,17.7725
2026-03-31,MSFT260406C00367500,2026-04-06,call,367.5,2026-03-31T04:00:00Z,4.25,7.68,3.42,6.35,512,184,5.464004
2026-03-31,MSFT260402P00340000,2026-04-02,put,340.0,2026-03-31T04:00:00Z,0.16,0.18,0.03,0.06,724,114,0.097169
2026-03-31,MSFT260402P00377500,2026-04-02,put,377.5,2026-03-31T04:00:00Z,13.3,13.3,7,7.15,148,54,10.1975
2026-03-31,MSFT260402P00395000,2026-04-02,put,395.0,2026-03-31T04:00:00Z,29,30.7,24.21,24.21,21,8,29.598095
2026-03-31,MSFT260402P00407500,2026-04-02,put,407.5,2026-03-31T04:00:00Z,35,35,35,35,1,1,35
2026-03-31,MSFT260402P00410000,2026-04-02,put,410.0,2026-03-31T04:00:00Z,40.1,40.1,37.6,37.6,2,2,38.85
2026-03-31,MSFT260402P00495000,2026-04-02,put,495.0,2026-03-31T04:00:00Z,122.5,122.5,122.5,122.5,1,1,122.5
2026-03-31,MSFT260406C00365000,2026-04-06,call,365.0,2026-03-31T04:00:00Z,5.5,10,4.7,8.57,858,258,6.299476
2026-03-31,MSFT260406C00370000,2026-04-06,call,370.0,2026-03-31T04:00:00Z,3.05,6.2,2.63,5.21,2168,398,4.331236
2026-03-31,MSFT260406C00375000,2026-04-06,call,375.0,2026-03-31T04:00:00Z,1.94,4,1.41,3.05,1269,275,2.596635
2026-03-31,MSFT260406C00382500,2026-04-06,call,382.5,2026-03-31T04:00:00Z,0.7,1.5,0.46,1.06,390,95,1.098308
2026-03-31,MSFT260402P00347500,2026-04-02,put,347.5,2026-03-31T04:00:00Z,0.55,0.55,0.09,0.09,524,101,0.265573
2026-03-31,MSFT260402P00382500,2026-04-02,put,382.5,2026-03-31T04:00:00Z,17.34,18.73,10.89,10.89,45,23,16.788444
2026-03-31,MSFT260406C00320000,2026-04-06,call,320.0,2026-03-31T04:00:00Z,49.15,49.15,49.15,49.15,1,1,49.15
2026-03-31,MSFT260406C00355000,2026-04-06,call,355.0,2026-03-31T04:00:00Z,11.65,14.1,11.65,11.85,44,15,12.810227
2026-03-31,MSFT260406C00360000,2026-04-06,call,360.0,2026-03-31T04:00:00Z,7.98,13.16,7.5,12.1,250,94,10.16476
2026-03-31,MSFT260406C00372500,2026-04-06,call,372.5,2026-03-31T04:00:00Z,2.5,5.2,2,3.92,437,152,3.305881
2026-03-31,MSFT260402P00370000,2026-04-02,put,370.0,2026-03-31T04:00:00Z,6.73,8.1,2.45,3.45,3807,703,4.033367
2026-03-31,MSFT260402P00380000,2026-04-02,put,380.0,2026-03-31T04:00:00Z,15.95,16.97,8.79,10.2,391,100,12.487749
2026-03-31,MSFT260402P00400000,2026-04-02,put,400.0,2026-03-31T04:00:00Z,33.67,35.65,27.75,27.75,76,13,29.160132
2026-03-31,MSFT260402P00425000,2026-04-02,put,425.0,2026-03-31T04:00:00Z,58.16,58.16,55.32,55.32,33,3,56.66
2026-03-31,MSFT260402P00565000,2026-04-02,put,565.0,2026-03-31T04:00:00Z,192.5,192.5,192.5,192.5,1,1,192.5
2026-03-31,MSFT260406C00362500,2026-04-06,call,362.5,2026-03-31T04:00:00Z,7,11.44,6.05,11.42,130,55,7.758769
2026-03-31,MSFT260402P00355000,2026-04-02,put,355.0,2026-03-31T04:00:00Z,1.38,1.38,0.22,0.34,2158,498,0.779374
2026-03-31,MSFT260402P00360000,2026-04-02,put,360.0,2026-03-31T04:00:00Z,2.42,2.75,0.5,0.78,4141,977,1.573328
2026-03-31,MSFT260402P00375000,2026-04-02,put,375.0,2026-03-31T04:00:00Z,10.8,12.65,4.8,5.7,998,240,8.212595
2026-03-31,MSFT260402P00402500,2026-04-02,put,402.5,2026-03-31T04:00:00Z,36.12,37.6,34.66,37.6,3,3,36.126667
2026-03-31,MSFT260402P00545000,2026-04-02,put,545.0,2026-03-31T04:00:00Z,172.5,172.5,172.5,172.5,1,1,172.5
2026-03-31,MSFT260402P00580000,2026-04-02,put,580.0,2026-03-31T04:00:00Z,207.55,207.55,207.55,207.55,1,1,207.55
2026-03-31,MSFT260406C00352500,2026-04-06,call,352.5,2026-03-31T04:00:00Z,17,19.66,15.4,19.66,28,6,16.82
2026-03-31,MSFT260406C00357500,2026-04-06,call,357.5,2026-03-31T04:00:00Z,10.6,14.2,9.55,14.2,48,24,10.347292
2026-03-31,MSFT260402P00350000,2026-04-02,put,350.0,2026-03-31T04:00:00Z,0.58,0.99,0.12,0.16,1407,371,0.357825
2026-03-31,MSFT260406P00365000,2026-04-06,put,365.0,2026-03-31T04:00:00Z,4.95,6.2,2.42,2.92,400,141,4.35055
2026-03-31,MSFT260406P00400000,2026-04-06,put,400.0,2026-03-31T04:00:00Z,33.2,35.64,33.2,34.8,5,4,34.816
2026-03-31,MSFT260406P00430000,2026-04-06,put,430.0,2026-03-31T04:00:00Z,57.35,59.7,57.35,59.7,3,2,58.916667
2026-03-31,MSFT260408C00370000,2026-04-08,call,370.0,2026-03-31T04:00:00Z,4.68,7.65,3.75,6.5,363,125,5.738292
2026-03-31,MSFT260406C00390000,2026-04-06,call,390.0,2026-03-31T04:00:00Z,0.21,0.39,0.12,0.32,677,104,0.300266
2026-03-31,MSFT260406P00375000,2026-04-06,put,375.0,2026-03-31T04:00:00Z,11.2,12.5,6.38,7.58,77,25,8.157662
2026-03-31,MSFT260408C00372500,2026-04-08,call,372.5,2026-03-31T04:00:00Z,3.37,6.25,3.19,5.05,1114,120,4.767648
2026-03-31,MSFT260408C00375000,2026-04-08,call,375.0,2026-03-31T04:00:00Z,2.5,4.88,2.2,4.5,606,60,3.566815
2026-03-31,MSFT260406P00367500,2026-04-06,put,367.5,2026-03-31T04:00:00Z,6.23,7.58,2.94,2.94,88,49,5.2
2026-03-31,MSFT260408C00350000,2026-04-08,call,350.0,2026-03-31T04:00:00Z,17.5,22.5,16.15,22.3,89,21,19.246629
2026-03-31,MSFT260406P00377500,2026-04-06,put,377.5,2026-03-31T04:00:00Z,12.1,14.9,8.4,9.12,24,7,12.991667
2026-03-31,MSFT260406P00330000,2026-04-06,put,330.0,2026-03-31T04:00:00Z,0.11,0.16,0.04,0.06,22,9,0.099545
2026-03-31,MSFT260406P00390000,2026-04-06,put,390.0,2026-03-31T04:00:00Z,23.63,23.63,18.5,18.5,9,2,19.07
2026-03-31,MSFT260408C00380000,2026-04-08,call,380.0,2026-03-31T04:00:00Z,1.32,2.9,1.2,2.35,903,126,2.043654
2026-03-31,MSFT260408C00382500,2026-04-08,call,382.5,2026-03-31T04:00:00Z,0.97,2.23,0.96,1.7,77,37,1.630779
2026-03-31,MSFT260408C00392500,2026-04-08,call,392.5,2026-03-31T04:00:00Z,0.26,0.43,0.26,0.38,45,10,0.354667
2026-03-31,MSFT260406P00332500,2026-04-06,put,332.5,2026-03-31T04:00:00Z,0.42,0.42,0.17,0.17,9,2,0.197778
2026-03-31,MSFT260406P00352500,2026-04-06,put,352.5,2026-03-31T04:00:00Z,1.52,1.82,0.64,0.64,178,50,1.109101
2026-03-31,MSFT260406P00362500,2026-04-06,put,362.5,2026-03-31T04:00:00Z,3.5,4.99,1.86,2.34,102,54,3.536176
2026-03-31,MSFT260406P00425000,2026-04-06,put,425.0,2026-03-31T04:00:00Z,54.72,54.72,54.72,54.72,2,1,54.72
2026-03-31,MSFT260408C00340000,2026-04-08,call,340.0,2026-03-31T04:00:00Z,29,29,28.15,28.15,9,2,28.905556
2026-03-31,MSFT260406P00360000,2026-04-06,put,360.0,2026-03-31T04:00:00Z,3.4,4,1.4,1.73,769,164,2.477503
2026-03-31,MSFT260406P00387500,2026-04-06,put,387.5,2026-03-31T04:00:00Z,20.81,20.81,20.81,20.81,2,2,20.81
2026-03-31,MSFT260408C00385000,2026-04-08,call,385.0,2026-03-31T04:00:00Z,0.52,1.55,0.52,1.4,98,54,1.027857
2026-03-31,MSFT260408C00390000,2026-04-08,call,390.0,2026-03-31T04:00:00Z,0.55,0.96,0.24,0.71,328,60,0.508598
2026-03-31,MSFT260406C00392500,2026-04-06,call,392.5,2026-03-31T04:00:00Z,0.2,0.33,0.09,0.33,69,20,0.203478
2026-03-31,MSFT260406P00340000,2026-04-06,put,340.0,2026-03-31T04:00:00Z,0.34,0.42,0.2,0.34,50,14,0.3184
2026-03-31,MSFT260406P00347500,2026-04-06,put,347.5,2026-03-31T04:00:00Z,0.69,1.07,0.42,0.49,56,25,0.636071
2026-03-31,MSFT260406C00400000,2026-04-06,call,400.0,2026-03-31T04:00:00Z,0.05,0.07,0.02,0.07,1240,59,0.055468
2026-03-31,MSFT260406C00405000,2026-04-06,call,405.0,2026-03-31T04:00:00Z,0.06,0.16,0.01,0.01,10,9,0.051
2026-03-31,MSFT260406P00380000,2026-04-06,put,380.0,2026-03-31T04:00:00Z,14.9,17,10.8,10.8,33,9,13.558485
2026-03-31,MSFT260408C00365000,2026-04-08,call,365.0,2026-03-31T04:00:00Z,7.05,11,6.1,11,165,74,7.738
2026-03-31,MSFT260408C00367500,2026-04-08,call,367.5,2026-03-31T04:00:00Z,5.78,8.77,4.75,8.77,159,52,6.618302
2026-03-31,MSFT260406P00385000,2026-04-06,put,385.0,2026-03-31T04:00:00Z,18.42,21.07,15.51,15.51,18,10,18.822778
2026-03-31,MSFT260408C00377500,2026-04-08,call,377.5,2026-03-31T04:00:00Z,2.34,3.6,1.64,3.17,42,31,2.380238
2026-03-31,MSFT260406C00395000,2026-04-06,call,395.0,2026-03-31T04:00:00Z,0.06,0.18,0.06,0.18,183,24,0.089071
2026-03-31,MSFT260406C00410000,2026-04-06,call,410.0,2026-03-31T04:00:00Z,0.08,0.15,0.01,0.03,49,11,0.026939
2026-03-31,MSFT260406P00325000,2026-04-06,put,325.0,2026-03-31T04:00:00Z,0.09,0.09,0.09,0.09,1,1,0.09
2026-03-31,MSFT260406P00335000,2026-04-06,put,335.0,2026-03-31T04:00:00Z,0.21,0.24,0.11,0.11,104,17,0.178846
2026-03-31,MSFT260406P00355000,2026-04-06,put,355.0,2026-03-31T04:00:00Z,1.8,2.4,0.8,1.03,2313,270,1.442806
2026-03-31,MSFT260408C00362500,2026-04-08,call,362.5,2026-03-31T04:00:00Z,9.28,11.07,7.68,10.98,53,25,9.496792
2026-03-31,MSFT260406P00320000,2026-04-06,put,320.0,2026-03-31T04:00:00Z,0.04,0.04,0.04,0.04,1,1,0.04
2026-03-31,MSFT260406P00350000,2026-04-06,put,350.0,2026-03-31T04:00:00Z,0.92,1.4,0.5,0.58,336,99,0.837768
2026-03-31,MSFT260406P00357500,2026-04-06,put,357.5,2026-03-31T04:00:00Z,2.15,3.28,1.12,1.12,282,80,1.756844
2026-03-31,MSFT260406P00395000,2026-04-06,put,395.0,2026-03-31T04:00:00Z,28.3,28.3,28.3,28.3,1,1,28.3
2026-03-31,MSFT260408C00357500,2026-04-08,call,357.5,2026-03-31T04:00:00Z,12.35,15.92,10.3,15.92,8,6,12.92625
2026-03-31,MSFT260406P00370000,2026-04-06,put,370.0,2026-03-31T04:00:00Z,6.95,8.77,3.8,4.71,189,69,5.978571
2026-03-31,MSFT260408C00360000,2026-04-08,call,360.0,2026-03-31T04:00:00Z,11.25,13.29,8.75,12.9,181,25,11.822265
2026-03-31,MSFT260406C00397500,2026-04-06,call,397.5,2026-03-31T04:00:00Z,0.05,0.11,0.05,0.11,71,8,0.089718
2026-03-31,MSFT260406C00415000,2026-04-06,call,415.0,2026-03-31T04:00:00Z,0.05,0.06,0.05,0.06,4,2,0.0525
2026-03-31,MSFT260406P00337500,2026-04-06,put,337.5,2026-03-31T04:00:00Z,0.43,0.43,0.17,0.17,30,8,0.276
2026-03-31,MSFT260406P00372500,2026-04-06,put,372.5,2026-03-31T04:00:00Z,8.42,10.3,5.37,5.6,32,11,9.17375
2026-03-31,MSFT260406P00382500,2026-04-06,put,382.5,2026-03-31T04:00:00Z,16.13,18.83,16.13,18.82,13,5,18.553077
2026-03-31,MSFT260408C00387500,2026-04-08,call,387.5,2026-03-31T04:00:00Z,0.61,0.98,0.61,0.85,26,15,0.795
2026-03-31,MSFT260406C00387500,2026-04-06,call,387.5,2026-03-31T04:00:00Z,0.32,0.67,0.19,0.51,1389,370,0.424147
2026-03-31,MSFT260406C00420000,2026-04-06,call,420.0,2026-03-31T04:00:00Z,0.06,0.06,0.06,0.06,2,1,0.06
2026-03-31,MSFT260406P00342500,2026-04-06,put,342.5,2026-03-31T04:00:00Z,0.54,0.59,0.24,0.26,109,24,0.358165
2026-03-31,MSFT260406P00345000,2026-04-06,put,345.0,2026-03-31T04:00:00Z,0.59,0.81,0.27,0.32,126,37,0.49619
2026-03-31,MSFT260406P00402500,2026-04-06,put,402.5,2026-03-31T04:00:00Z,36.42,36.42,36.42,36.42,1,1,36.42
2026-03-31,MSFT260408C00330000,2026-04-08,call,330.0,2026-03-31T04:00:00Z,40.75,40.75,40.75,40.75,1,1,40.75
2026-03-31,MSFT260408P00382500,2026-04-08,put,382.5,2026-03-31T04:00:00Z,17.5,19.27,14.94,14.94,24,13,17.875417
2026-03-31,MSFT260410C00345000,2026-04-10,call,345.0,2026-03-31T04:00:00Z,21.9,21.9,21.9,21.9,3,1,21.9
2026-03-31,MSFT260410C00365000,2026-04-10,call,365.0,2026-03-31T04:00:00Z,7.7,11.6,6.8,10.5,1209,310,8.519264
2026-03-31,MSFT260410C00367500,2026-04-10,call,367.5,2026-03-31T04:00:00Z,6.7,9.59,5.8,9.4,452,198,7.081704
2026-03-31,MSFT260408P00315000,2026-04-08,put,315.0,2026-03-31T04:00:00Z,0.09,0.19,0.05,0.09,53,32,0.111509
2026-03-31,MSFT260408P00362500,2026-04-08,put,362.5,2026-03-31T04:00:00Z,4.73,5.3,2.65,2.65,14,9,4.470714
2026-03-31,MSFT260408P00367500,2026-04-08,put,367.5,2026-03-31T04:00:00Z,7,8.2,4.05,4.05,56,27,6.142857
2026-03-31,MSFT260408P00372500,2026-04-08,put,372.5,2026-03-31T04:00:00Z,9.12,10.37,6.82,6.9,18,16,8.953333
2026-03-31,MSFT260410C00352500,2026-04-10,call,352.5,2026-03-31T04:00:00Z,17.39,18.5,17.39,18.5,15,6,18.412667
2026-03-31,MSFT260410C00362500,2026-04-10,call,362.5,2026-03-31T04:00:00Z,9.32,13.43,8.3,12.49,148,62,10.71027
2026-03-31,MSFT260408P00355000,2026-04-08,put,355.0,2026-03-31T04:00:00Z,3.22,3.3,1.62,1.62,26,20,2.434615
2026-03-31,MSFT260408P00400000,2026-04-08,put,400.0,2026-03-31T04:00:00Z,35.7,35.7,35.7,35.7,4,2,35.7
2026-03-31,MSFT260410C00347500,2026-04-10,call,347.5,2026-03-31T04:00:00Z,23.24,23.24,23.24,23.24,1,1,23.24
2026-03-31,MSFT260408P00360000,2026-04-08,put,360.0,2026-03-31T04:00:00Z,4.1,4.9,2.26,2.27,102,46,3.520588
2026-03-31,MSFT260410C00342500,2026-04-10,call,342.5,2026-03-31T04:00:00Z,31.35,31.35,31.35,31.35,1,1,31.35
2026-03-31,MSFT260410C00350000,2026-04-10,call,350.0,2026-03-31T04:00:00Z,18,23.05,16.9,23.05,78,30,18.500256
2026-03-31,MSFT260408C00397500,2026-04-08,call,397.5,2026-03-31T04:00:00Z,0.19,0.29,0.18,0.29,35,4,0.217143
2026-03-31,MSFT260408P00320000,2026-04-08,put,320.0,2026-03-31T04:00:00Z,0.2,0.2,0.2,0.2,1,1,0.2
2026-03-31,MSFT260408P00347500,2026-04-08,put,347.5,2026-03-31T04:00:00Z,1.51,1.8,0.9,0.9,30,19,1.426333
2026-03-31,MSFT260408P00387500,2026-04-08,put,387.5,2026-03-31T04:00:00Z,17.4,17.4,17.3,17.3,2,2,17.35
2026-03-31,MSFT260410C00335000,2026-04-10,call,335.0,2026-03-31T04:00:00Z,33.45,36.47,30.4,36.47,5,5,32.84
2026-03-31,MSFT260408C00405000,2026-04-08,call,405.0,2026-03-31T04:00:00Z,0.19,0.19,0.1,0.1,5,4,0.128
2026-03-31,MSFT260408P00342500,2026-04-08,put,342.5,2026-03-31T04:00:00Z,0.79,1.4,0.71,0.71,6,6,0.94
2026-03-31,MSFT260410C00357500,2026-04-10,call,357.5,2026-03-31T04:00:00Z,12.25,17,12.05,17,103,38,13.672524
2026-03-31,MSFT260408C00400000,2026-04-08,call,400.0,2026-03-31T04:00:00Z,0.11,0.2,0.05,0.18,66,21,0.123939
2026-03-31,MSFT260408P00345000,2026-04-08,put,345.0,2026-03-31T04:00:00Z,1.33,1.55,0.73,0.73,68,38,1.337206
2026-03-31,MSFT260408P00370000,2026-04-08,put,370.0,2026-03-31T04:00:00Z,8.5,10,5.2,5.27,39,15,7.635641
2026-03-31,MSFT260408P00377500,2026-04-08,put,377.5,2026-03-31T04:00:00Z,13.49,14.27,8.5,9.12,46,22,11.086304
2026-03-31,MSFT260408P00380000,2026-04-08,put,380.0,2026-03-31T04:00:00Z,13.9,17.09,12.99,12.99,3,3,14.66
2026-03-31,MSFT260410C00372500,2026-04-10,call,372.5,2026-03-31T04:00:00Z,4.8,7.28,3.85,6.26,1028,193,5.385078
2026-03-31,MSFT260410C00380000,2026-04-10,call,380.0,2026-03-31T04:00:00Z,2.09,4,1.8,3.2,2790,608,2.696746
2026-03-31,MSFT260408P00340000,2026-04-08,put,340.0,2026-03-31T04:00:00Z,1.38,1.38,0.4,0.4,57,12,0.773333
2026-03-31,MSFT260408C00407500,2026-04-08,call,407.5,2026-03-31T04:00:00Z,0.17,0.17,0.1,0.1,4,4,0.1525
2026-03-31,MSFT260408P00352500,2026-04-08,put,352.5,2026-03-31T04:00:00Z,2.5,2.5,0.96,0.96,83,9,1.961084
2026-03-31,MSFT260408P00385000,2026-04-08,put,385.0,2026-03-31T04:00:00Z,21.32,21.32,16.42,16.42,9,3,20.231111
2026-03-31,MSFT260408P00335000,2026-04-08,put,335.0,2026-03-31T04:00:00Z,0.67,0.67,0.34,0.34,6,4,0.496667
2026-03-31,MSFT260410C00300000,2026-04-10,call,300.0,2026-03-31T04:00:00Z,68.33,68.33,65.67,65.67,3,3,66.556667
2026-03-31,MSFT260410C00360000,2026-04-10,call,360.0,2026-03-31T04:00:00Z,11,15.18,9.75,14.4,324,108,11.657284
2026-03-31,MSFT260410C00375000,2026-04-10,call,375.0,2026-03-31T04:00:00Z,3.49,6.1,2.95,5.05,1325,430,4.266294
2026-03-31,MSFT260410C00377500,2026-04-10,call,377.5,2026-03-31T04:00:00Z,2.79,5,2.34,3.9,1288,178,2.833866
2026-03-31,MSFT260408P00337500,2026-04-08,put,337.5,2026-03-31T04:00:00Z,0.44,0.46,0.39,0.39,29,7,0.447586
2026-03-31,MSFT260410C00325000,2026-04-10,call,325.0,2026-03-31T04:00:00Z,48.3,48.3,48.3,48.3,1,1,48.3
2026-03-31,MSFT260408P00322500,2026-04-08,put,322.5,2026-03-31T04:00:00Z,0.35,0.35,0.35,0.35,1,1,0.35
2026-03-31,MSFT260408P00325000,2026-04-08,put,325.0,2026-03-31T04:00:00Z,0.23,0.27,0.22,0.22,21,8,0.25
2026-03-31,MSFT260408P00330000,2026-04-08,put,330.0,2026-03-31T04:00:00Z,0.3,0.33,0.3,0.33,3,2,0.32
2026-03-31,MSFT260410C00312500,2026-04-10,call,312.5,2026-03-31T04:00:00Z,60.65,60.65,60.65,60.65,1,1,60.65
2026-03-31,MSFT260410C00370000,2026-04-10,call,370.0,2026-03-31T04:00:00Z,5.2,8.84,4.65,7.51,2343,523,6.098852
2026-03-31,MSFT260408C00402500,2026-04-08,call,402.5,2026-03-31T04:00:00Z,0.09,0.09,0.09,0.09,5,2,0.09
2026-03-31,MSFT260408C00430000,2026-04-08,call,430.0,2026-03-31T04:00:00Z,0.03,0.04,0.03,0.04,2,2,0.035
2026-03-31,MSFT260408P00357500,2026-04-08,put,357.5,2026-03-31T04:00:00Z,3.68,4.15,2.25,2.25,189,26,2.890053
2026-03-31,MSFT260408P00310000,2026-04-08,put,310.0,2026-03-31T04:00:00Z,0.09,0.09,0.09,0.09,1,1,0.09
2026-03-31,MSFT260408P00327500,2026-04-08,put,327.5,2026-03-31T04:00:00Z,0.97,0.97,0.22,0.22,4,3,0.44
2026-03-31,MSFT260410C00337500,2026-04-10,call,337.5,2026-03-31T04:00:00Z,35.65,35.94,35.65,35.94,2,2,35.795
2026-03-31,MSFT260410C00340000,2026-04-10,call,340.0,2026-03-31T04:00:00Z,28.27,31.52,25.8,31.52,16,8,27.486875
2026-03-31,MSFT260408P00365000,2026-04-08,put,365.0,2026-03-31T04:00:00Z,5.9,7.25,3.44,3.44,61,28,5.392951
2026-03-31,MSFT260410C00330000,2026-04-10,call,330.0,2026-03-31T04:00:00Z,35.3,37.3,35.12,37.3,22,5,36.192727
2026-03-31,MSFT260410C00355000,2026-04-10,call,355.0,2026-03-31T04:00:00Z,14.1,18.84,13,17.91,85,26,15.605059
2026-03-31,MSFT260408C00395000,2026-04-08,call,395.0,2026-03-31T04:00:00Z,0.19,0.43,0.14,0.32,69,16,0.254058
2026-03-31,MSFT260408P00350000,2026-04-08,put,350.0,2026-03-31T04:00:00Z,1.67,2.1,0.91,0.91,22,12,1.363182
2026-03-31,MSFT260410C00395000,2026-04-10,call,395.0,2026-03-31T04:00:00Z,0.51,0.7,0.32,0.52,522,155,0.517874
2026-03-31,MSFT260410C00450000,2026-04-10,call,450.0,2026-03-31T04:00:00Z,0.02,0.02,0.01,0.02,63,12,0.012381
2026-03-31,MSFT260410P00332500,2026-04-10,put,332.5,2026-03-31T04:00:00Z,0.74,0.86,0.58,0.58,16,8,0.6725
2026-03-31,MSFT260410P00380000,2026-04-10,put,380.0,2026-03-31T04:00:00Z,17,18.25,11.81,11.81,214,56,14.057477
2026-03-31,MSFT260410C00430000,2026-04-10,call,430.0,2026-03-31T04:00:00Z,0.03,0.03,0.01,0.03,36,11,0.024722
2026-03-31,MSFT260410C00435000,2026-04-10,call,435.0,2026-03-31T04:00:00Z,0.02,0.03,0.01,0.01,118,13,0.020932
2026-03-31,MSFT260410P00270000,2026-04-10,put,270.0,2026-03-31T04:00:00Z,0.01,0.02,0.01,0.01,32,5,0.013125
2026-03-31,MSFT260410P00280000,2026-04-10,put,280.0,2026-03-31T04:00:00Z,0.04,0.09,0.04,0.04,7,6,0.057143
2026-03-31,MSFT260410P00390000,2026-04-10,put,390.0,2026-03-31T04:00:00Z,24.35,26.4,20.55,20.55,97,25,24.346907
2026-03-31,MSFT260410P00402500,2026-04-10,put,402.5,2026-03-31T04:00:00Z,35.35,38.25,30.15,30.15,24,6,36.945
2026-03-31,MSFT260410C00445000,2026-04-10,call,445.0,2026-03-31T04:00:00Z,0.02,0.02,0.01,0.02,548,22,0.011496
2026-03-31,MSFT260410C00455000,2026-04-10,call,455.0,2026-03-31T04:00:00Z,0.11,0.11,0.01,0.01,2,2,0.06
2026-03-31,MSFT260410P00322500,2026-04-10,put,322.5,2026-03-31T04:00:00Z,0.49,0.49,0.38,0.38,3,3,0.42
2026-03-31,MSFT260410P00330000,2026-04-10,put,330.0,2026-03-31T04:00:00Z,0.87,0.87,0.32,0.39,52,26,0.515385
2026-03-31,MSFT260410P00335000,2026-04-10,put,335.0,2026-03-31T04:00:00Z,1.12,1.12,0.42,0.51,88,44,0.843182
2026-03-31,MSFT260410P00395000,2026-04-10,put,395.0,2026-03-31T04:00:00Z,30.27,31.29,24.45,24.45,103,20,28.113398
2026-03-31,MSFT260410P00415000,2026-04-10,put,415.0,2026-03-31T04:00:00Z,48,48,45.74,45.74,4,2,46.305
2026-03-31,MSFT260410C00545000,2026-04-10,call,545.0,2026-03-31T04:00:00Z,0.03,0.03,0.03,0.03,5,1,0.03
2026-03-31,MSFT260410P00290000,2026-04-10,put,290.0,2026-03-31T04:00:00Z,0.04,0.11,0.02,0.06,887,53,0.040383
2026-03-31,MSFT260410P00312500,2026-04-10,put,312.5,2026-03-31T04:00:00Z,0.16,0.16,0.16,0.16,1,1,0.16
2026-03-31,MSFT260410P00355000,2026-04-10,put,355.0,2026-03-31T04:00:00Z,3.56,4.28,2.06,2.36,443,119,3.258081
2026-03-31,MSFT260410P00360000,2026-04-10,put,360.0,2026-03-31T04:00:00Z,5.05,6.03,2.92,3.21,838,226,4.447029
2026-03-31,MSFT260410P00362500,2026-04-10,put,362.5,2026-03-31T04:00:00Z,5.6,7.08,3.35,4.04,556,123,5.825881
2026-03-31,MSFT260410C00387500,2026-04-10,call,387.5,2026-03-31T04:00:00Z,1,1.75,0.8,1.6,523,130,1.177839
2026-03-31,MSFT260410P00305000,2026-04-10,put,305.0,2026-03-31T04:00:00Z,0.15,0.15,0.09,0.1,54,20,0.113333
2026-03-31,MSFT260410P00342500,2026-04-10,put,342.5,2026-03-31T04:00:00Z,1.44,1.74,0.86,0.86,47,13,1.020426
2026-03-31,MSFT260410P00347500,2026-04-10,put,347.5,2026-03-31T04:00:00Z,2.15,2.54,1.18,1.18,203,57,1.946207
2026-03-31,MSFT260410P00410000,2026-04-10,put,410.0,2026-03-31T04:00:00Z,43.65,43.65,42.42,42.42,3,2,42.83
2026-03-31,MSFT260410C00397500,2026-04-10,call,397.5,2026-03-31T04:00:00Z,0.39,0.5,0.25,0.43,88,37,0.362841
2026-03-31,MSFT260410C00490000,2026-04-10,call,490.0,2026-03-31T04:00:00Z,0.05,0.06,0.01,0.01,326,33,0.046043
2026-03-31,MSFT260410P00300000,2026-04-10,put,300.0,2026-03-31T04:00:00Z,0.12,0.12,0.03,0.03,835,49,0.057952
2026-03-31,MSFT260410P00337500,2026-04-10,put,337.5,2026-03-31T04:00:00Z,1.12,1.19,0.49,0.61,121,15,0.739256
2026-03-31,MSFT260410C00385000,2026-04-10,call,385.0,2026-03-31T04:00:00Z,1.26,2.31,1.05,1.79,1243,371,1.624143
2026-03-31,MSFT260410C00402500,2026-04-10,call,402.5,2026-03-31T04:00:00Z,0.19,0.26,0.13,0.22,195,27,0.169333
2026-03-31,MSFT260410C00580000,2026-04-10,call,580.0,2026-03-31T04:00:00Z,0.06,0.06,0.06,0.06,1,1,0.06
2026-03-31,MSFT260410P00325000,2026-04-10,put,325.0,2026-03-31T04:00:00Z,0.9,0.9,0.27,0.27,182,20,0.460934
2026-03-31,MSFT260410P00357500,2026-04-10,put,357.5,2026-03-31T04:00:00Z,3.95,5.06,2.46,2.84,318,75,4.212327
2026-03-31,MSFT260410P00370000,2026-04-10,put,370.0,2026-03-31T04:00:00Z,8.7,11,6.07,7,508,186,8.097579
2026-03-31,MSFT260410C00460000,2026-04-10,call,460.0,2026-03-31T04:00:00Z,0.03,0.03,0.03,0.03,2,1,0.03
2026-03-31,MSFT260410C00475000,2026-04-10,call,475.0,2026-03-31T04:00:00Z,0.05,0.05,0.05,0.05,3,1,0.05
2026-03-31,MSFT260410P00340000,2026-04-10,put,340.0,2026-03-31T04:00:00Z,1.3,1.5,0.68,0.7,929,172,1.083305
2026-03-31,MSFT260410P00382500,2026-04-10,put,382.5,2026-03-31T04:00:00Z,18.53,18.53,13.16,13.16,12,4,15.036667
2026-03-31,MSFT260410C00412500,2026-04-10,call,412.5,2026-03-31T04:00:00Z,0.13,0.13,0.09,0.09,7,2,0.112857
2026-03-31,MSFT260410P00310000,2026-04-10,put,310.0,2026-03-31T04:00:00Z,0.17,0.18,0.1,0.1,133,11,0.147519
2026-03-31,MSFT260410P00315000,2026-04-10,put,315.0,2026-03-31T04:00:00Z,0.24,0.24,0.13,0.13,96,21,0.216667
2026-03-31,MSFT260410P00320000,2026-04-10,put,320.0,2026-03-31T04:00:00Z,0.35,0.37,0.17,0.19,280,49,0.270857
2026-03-31,MSFT260410C00382500,2026-04-10,call,382.5,2026-03-31T04:00:00Z,1.72,3.05,1.39,2.87,457,144,2.139256
2026-03-31,MSFT260410C00510000,2026-04-10,call,510.0,2026-03-31T04:00:00Z,0.06,0.06,0.01,0.01,100,7,0.02
2026-03-31,MSFT260410P00327500,2026-04-10,put,327.5,2026-03-31T04:00:00Z,0.47,0.57,0.39,0.39,12,3,0.546667
2026-03-31,MSFT260410P00350000,2026-04-10,put,350.0,2026-03-31T04:00:00Z,2.8,3.08,1.36,1.57,1092,232,2.158498
2026-03-31,MSFT260410C00470000,2026-04-10,call,470.0,2026-03-31T04:00:00Z,0.01,0.05,0.01,0.05,101,8,0.016337
2026-03-31,MSFT260410P00345000,2026-04-10,put,345.0,2026-03-31T04:00:00Z,1.99,2.13,0.99,1,125,62,1.59544
2026-03-31,MSFT260410P00352500,2026-04-10,put,352.5,2026-03-31T04:00:00Z,3.05,3.65,1.69,1.97,346,70,2.592312
2026-03-31,MSFT260410P00405000,2026-04-10,put,405.0,2026-03-31T04:00:00Z,40.69,40.7,33.53,33.53,18,5,39.503889
2026-03-31,MSFT260410C00392500,2026-04-10,call,392.5,2026-03-31T04:00:00Z,0.55,1.01,0.47,0.89,215,62,0.770186
2026-03-31,MSFT260410C00420000,2026-04-10,call,420.0,2026-03-31T04:00:00Z,0.04,0.05,0.03,0.03,108,23,0.031574
2026-03-31,MSFT260410C00440000,2026-04-10,call,440.0,2026-03-31T04:00:00Z,0.02,0.03,0.01,0.03,604,24,0.010497
2026-03-31,MSFT260410C00480000,2026-04-10,call,480.0,2026-03-31T04:00:00Z,0.01,0.01,0.01,0.01,187,33,0.01
2026-03-31,MSFT260410P00387500,2026-04-10,put,387.5,2026-03-31T04:00:00Z,22.6,22.6,16.35,16.35,4,3,20.3325
2026-03-31,MSFT260410C00415000,2026-04-10,call,415.0,2026-03-31T04:00:00Z,0.06,0.07,0.04,0.06,22,13,0.05
2026-03-31,MSFT260410C00390000,2026-04-10,call,390.0,2026-03-31T04:00:00Z,0.73,1.3,0.57,1.04,3672,467,1.09784
2026-03-31,MSFT260410C00400000,2026-04-10,call,400.0,2026-03-31T04:00:00Z,0.23,0.38,0.18,0.29,4144,394,0.303185
2026-03-31,MSFT260410C00407500,2026-04-10,call,407.5,2026-03-31T04:00:00Z,0.1,0.15,0.09,0.11,38,10,0.104211
2026-03-31,MSFT260410P00375000,2026-04-10,put,375.0,2026-03-31T04:00:00Z,13.07,14.19,8.35,9.35,334,42,11.460958
2026-03-31,MSFT260410P00400000,2026-04-10,put,400.0,2026-03-31T04:00:00Z,35.32,36.01,29.68,30,50,18,33.1348
2026-03-31,MSFT260410C00410000,2026-04-10,call,410.0,2026-03-31T04:00:00Z,0.09,0.17,0.05,0.07,337,54,0.088131
2026-03-31,MSFT260410P00367500,2026-04-10,put,367.5,2026-03-31T04:00:00Z,8.75,9.5,5,5.8,293,141,7.203379
2026-03-31,MSFT260410P00385000,2026-04-10,put,385.0,2026-03-31T04:00:00Z,19.83,22.26,15,15,45,19,19.286222
2026-03-31,MSFT260410P00365000,2026-04-10,put,365.0,2026-03-31T04:00:00Z,7.78,8.25,4.32,4.9,860,178,6.304605
2026-03-31,MSFT260410C00405000,2026-04-10,call,405.0,2026-03-31T04:00:00Z,0.19,0.2,0.1,0.15,485,83,0.139072
2026-03-31,MSFT260410C00425000,2026-04-10,call,425.0,2026-03-31T04:00:00Z,0.04,0.05,0.01,0.05,68,15,0.031618
2026-03-31,MSFT260410C00500000,2026-04-10,call,500.0,2026-03-31T04:00:00Z,0.08,0.08,0.08,0.08,5,1,0.08
2026-03-31,MSFT260410P00372500,2026-04-10,put,372.5,2026-03-31T04:00:00Z,9.9,12.02,7.19,7.2,84,61,8.470238
2026-03-31,MSFT260410P00377500,2026-04-10,put,377.5,2026-03-31T04:00:00Z,13.39,15.52,10,10,42,17,11.608333
2026-03-31,MSFT260410P00392500,2026-04-10,put,392.5,2026-03-31T04:00:00Z,25.61,29.09,22.8,22.8,22,5,24.605455
2026-03-31,MSFT260410P00425000,2026-04-10,put,425.0,2026-03-31T04:00:00Z,59.75,59.75,52.7,52.7,2,2,56.225
2026-03-31,MSFT260410P00435000,2026-04-10,put,435.0,2026-03-31T04:00:00Z,63.55,63.55,62.9,62.9,2,2,63.225
2026-03-31,MSFT260413C00345000,2026-04-13,call,345.0,2026-03-31T04:00:00Z,22.94,22.94,20.55,20.55,3,3,22.11
2026-03-31,MSFT260413C00350000,2026-04-13,call,350.0,2026-03-31T04:00:00Z,19.29,22.86,19.29,22.86,2,2,21.075
2026-03-31,MSFT260413C00415000,2026-04-13,call,415.0,2026-03-31T04:00:00Z,0.03,0.03,0.03,0.03,5,1,0.03
2026-03-31,MSFT260410P00475000,2026-04-10,put,475.0,2026-03-31T04:00:00Z,104.95,104.95,104.95,104.95,1,1,104.95
2026-03-31,MSFT260413C00355000,2026-04-13,call,355.0,2026-03-31T04:00:00Z,15.4,18.39,14.35,18.39,25,8,15.2628
2026-03-31,MSFT260413C00370000,2026-04-13,call,370.0,2026-03-31T04:00:00Z,6.15,8.8,5.54,8.21,74,39,7.191622
2026-03-31,MSFT260413C00395000,2026-04-13,call,395.0,2026-03-31T04:00:00Z,0.6,0.92,0.53,0.81,14,4,0.767857
2026-03-31,MSFT260413C00410000,2026-04-13,call,410.0,2026-03-31T04:00:00Z,0.46,0.46,0.33,0.33,2,2,0.395
2026-03-31,MSFT260413P00345000,2026-04-13,put,345.0,2026-03-31T04:00:00Z,1.8,2.5,1.42,1.42,33,16,2.194848
2026-03-31,MSFT260413P00350000,2026-04-13,put,350.0,2026-03-31T04:00:00Z,3.3,3.3,2,2,5,4,2.582
2026-03-31,MSFT260410P00430000,2026-04-10,put,430.0,2026-03-31T04:00:00Z,59.48,59.48,59.48,59.48,1,1,59.48
2026-03-31,MSFT260410P00460000,2026-04-10,put,460.0,2026-03-31T04:00:00Z,93,93,93,93,1,1,93
2026-03-31,MSFT260413C00360000,2026-04-13,call,360.0,2026-03-31T04:00:00Z,13.12,15.47,11.1,15.47,20,10,13.242
2026-03-31,MSFT260413C00375000,2026-04-13,call,375.0,2026-03-31T04:00:00Z,3,6.24,3,6.24,91,35,4.907802
2026-03-31,MSFT260413C00380000,2026-04-13,call,380.0,2026-03-31T04:00:00Z,2.5,4.45,2.2,3.75,110,50,3.303364
2026-03-31,MSFT260413C00390000,2026-04-13,call,390.0,2026-03-31T04:00:00Z,0.98,1.59,0.6,1.59,33,18,1.263636
2026-03-31,MSFT260413C00400000,2026-04-13,call,400.0,2026-03-31T04:00:00Z,0.7,0.7,0.32,0.48,137,15,0.471241
2026-03-31,MSFT260410P00505000,2026-04-10,put,505.0,2026-03-31T04:00:00Z,132.45,132.45,132.45,132.45,1,1,132.45
2026-03-31,MSFT260410P00585000,2026-04-10,put,585.0,2026-03-31T04:00:00Z,212.5,212.5,212.5,212.5,1,1,212.5
2026-03-31,MSFT260413C00315000,2026-04-13,call,315.0,2026-03-31T04:00:00Z,56.24,56.24,56.24,56.24,1,1,56.24
2026-03-31,MSFT260413C00385000,2026-04-13,call,385.0,2026-03-31T04:00:00Z,1.9,2.53,1.45,2.53,92,25,2.028043
2026-03-31,MSFT260413P00335000,2026-04-13,put,335.0,2026-03-31T04:00:00Z,1.2,1.45,1.04,1.04,32,7,1.29
2026-03-31,MSFT260413P00340000,2026-04-13,put,340.0,2026-03-31T04:00:00Z,1.75,1.78,1.15,1.15,36,6,1.252222
2026-03-31,MSFT260413C00365000,2026-04-13,call,365.0,2026-03-31T04:00:00Z,8.65,11.33,7.95,11.33,120,29,10.12525
2026-03-31,MSFT260410P00420000,2026-04-10,put,420.0,2026-03-31T04:00:00Z,49.55,49.55,49.55,49.55,1,1,49.55
2026-03-31,MSFT260415C00355000,2026-04-15,call,355.0,2026-03-31T04:00:00Z,15.61,15.7,15.61,15.7,2,2,15.655
2026-03-31,MSFT260413P00365000,2026-04-13,put,365.0,2026-03-31T04:00:00Z,7.32,8.66,5,5.07,127,25,6.846693
2026-03-31,MSFT260413P00385000,2026-04-13,put,385.0,2026-03-31T04:00:00Z,21,21,20.12,20.12,7,2,20.497143
2026-03-31,MSFT260415C00380000,2026-04-15,call,380.0,2026-03-31T04:00:00Z,3.45,5.15,2.65,4.81,69,25,4.327826
2026-03-31,MSFT260415C00390000,2026-04-15,call,390.0,2026-03-31T04:00:00Z,1.73,2.34,1.2,2.2,20,9,1.999
2026-03-31,MSFT260415P00340000,2026-04-15,put,340.0,2026-03-31T04:00:00Z,2.31,2.31,1.27,1.27,4,2,1.53
2026-03-31,MSFT260415P00345000,2026-04-15,put,345.0,2026-03-31T04:00:00Z,3.14,3.63,1.65,1.72,10,4,2.81
2026-03-31,MSFT260415P00375000,2026-04-15,put,375.0,2026-03-31T04:00:00Z,14.43,14.43,9.4,10.15,16,9,10.301875
2026-03-31,MSFT260413P00400000,2026-04-13,put,400.0,2026-03-31T04:00:00Z,35,35,33.37,33.37,16,3,33.471875
2026-03-31,MSFT260413P00405000,2026-04-13,put,405.0,2026-03-31T04:00:00Z,33.65,33.65,33.65,33.65,1,1,33.65
2026-03-31,MSFT260415C00370000,2026-04-15,call,370.0,2026-03-31T04:00:00Z,8.55,9.7,5.65,9.57,1041,31,9.066273
2026-03-31,MSFT260415C00400000,2026-04-15,call,400.0,2026-03-31T04:00:00Z,0.95,0.95,0.01,0.73,214,19,0.493645
2026-03-31,MSFT260413P00375000,2026-04-13,put,375.0,2026-03-31T04:00:00Z,11.05,11.05,11.05,11.05,2,1,11.05
2026-03-31,MSFT260415C00385000,2026-04-15,call,385.0,2026-03-31T04:00:00Z,2.5,3.5,2.11,3.07,17,11,2.911176
2026-03-31,MSFT260415P00330000,2026-04-15,put,330.0,2026-03-31T04:00:00Z,0.01,1.65,0.01,1.65,6,4,1.376667
2026-03-31,MSFT260415P00355000,2026-04-15,put,355.0,2026-03-31T04:00:00Z,5.23,5.23,2.9,2.9,4,4,3.9825
2026-03-31,MSFT260415P00365000,2026-04-15,put,365.0,2026-03-31T04:00:00Z,7.82,9.75,7.82,9.15,7,7,9.045714
2026-03-31,MSFT260413P00355000,2026-04-13,put,355.0,2026-03-31T04:00:00Z,4.45,4.68,2.86,2.86,5,5,3.998
2026-03-31,MSFT260415C00335000,2026-04-15,call,335.0,2026-03-31T04:00:00Z,31.99,32.06,31.99,32.06,2,2,32.025
2026-03-31,MSFT260415C00395000,2026-04-15,call,395.0,2026-03-31T04:00:00Z,1.03,1.3,1.03,1.3,16,6,1.1675
2026-03-31,MSFT260415P00315000,2026-04-15,put,315.0,2026-03-31T04:00:00Z,0.45,0.46,0.45,0.46,12,4,0.453333
2026-03-31,MSFT260415P00370000,2026-04-15,put,370.0,2026-03-31T04:00:00Z,9.97,13.2,7.65,7.65,15,9,8.711333
2026-03-31,MSFT260415C00365000,2026-04-15,call,365.0,2026-03-31T04:00:00Z,9.22,13,8.72,12.05,60,7,11.684167
2026-03-31,MSFT260415C00415000,2026-04-15,call,415.0,2026-03-31T04:00:00Z,0.1,0.1,0.1,0.1,4,1,0.1
2026-03-31,MSFT260413P00370000,2026-04-13,put,370.0,2026-03-31T04:00:00Z,9.13,9.13,7.4,7.4,21,8,8.461905
2026-03-31,MSFT260413P00390000,2026-04-13,put,390.0,2026-03-31T04:00:00Z,20.64,20.64,20.64,20.64,1,1,20.64
2026-03-31,MSFT260415P00350000,2026-04-15,put,350.0,2026-03-31T04:00:00Z,3,4.39,2.1,2.1,13,6,3.813077
2026-03-31,MSFT260413P00360000,2026-04-13,put,360.0,2026-03-31T04:00:00Z,5.2,7.15,3.77,3.95,42,14,5.987619
2026-03-31,MSFT260413P00380000,2026-04-13,put,380.0,2026-03-31T04:00:00Z,17,17,13.11,13.11,14,6,15.779286
2026-03-31,MSFT260415C00360000,2026-04-15,call,360.0,2026-03-31T04:00:00Z,12.6,15.14,11.46,15.14,27,4,11.854074
2026-03-31,MSFT260415C00375000,2026-04-15,call,375.0,2026-03-31T04:00:00Z,5.15,6.98,4.7,6.98,81,21,5.739877
2026-03-31,MSFT260415P00325000,2026-04-15,put,325.0,2026-03-31T04:00:00Z,1.38,1.38,1.38,1.38,5,3,1.38
2026-03-31,MSFT260415P00360000,2026-04-15,put,360.0,2026-03-31T04:00:00Z,6.36,7.45,4.8,4.8,11,7,6.314545
2026-03-31,MSFT260417C00485000,2026-04-17,call,485.0,2026-03-31T04:00:00Z,0.04,0.04,0.01,0.03,149,9,0.029664
2026-03-31,MSFT260417C00350000,2026-04-17,call,350.0,2026-03-31T04:00:00Z,21.15,25.25,19.11,23.8,100,44,21.511
2026-03-31,MSFT260417C00355000,2026-04-17,call,355.0,2026-03-31T04:00:00Z,16.45,21.05,15.55,21.05,236,81,17.198517
2026-03-31,MSFT260417C00345000,2026-04-17,call,345.0,2026-03-31T04:00:00Z,25.73,30,24.48,28.35,17,6,29.039412
2026-03-31,MSFT260417C00455000,2026-04-17,call,455.0,2026-03-31T04:00:00Z,0.03,0.06,0.03,0.05,26,12,0.048077
2026-03-31,MSFT260417C00400000,2026-04-17,call,400.0,2026-03-31T04:00:00Z,0.65,1.21,0.65,1,7886,971,0.930903
2026-03-31,MSFT260417C00402500,2026-04-17,call,402.5,2026-03-31T04:00:00Z,0.7,0.96,0.56,0.96,343,42,0.767376
2026-03-31,MSFT260417C00420000,2026-04-17,call,420.0,2026-03-31T04:00:00Z,0.44,0.44,0.15,0.21,684,172,0.195424
2026-03-31,MSFT260417C00450000,2026-04-17,call,450.0,2026-03-31T04:00:00Z,0.06,0.07,0.03,0.05,828,70,0.047983
2026-03-31,MSFT260417C00480000,2026-04-17,call,480.0,2026-03-31T04:00:00Z,0.02,0.04,0.02,0.03,362,19,0.021077
2026-03-31,MSFT260417C00495000,2026-04-17,call,495.0,2026-03-31T04:00:00Z,0.03,0.1,0.01,0.02,214,44,0.021402
2026-03-31,MSFT260415P00380000,2026-04-15,put,380.0,2026-03-31T04:00:00Z,13.8,13.8,13.8,13.8,2,1,13.8
2026-03-31,MSFT260417C00280000,2026-04-17,call,280.0,2026-03-31T04:00:00Z,87.6,90.8,87.42,90.8,8,5,89.08
2026-03-31,MSFT260417C00310000,2026-04-17,call,310.0,2026-03-31T04:00:00Z,57.5,61.13,57.5,61.13,14,3,57.937857
2026-03-31,MSFT260417C00325000,2026-04-17,call,325.0,2026-03-31T04:00:00Z,45.95,45.95,45.95,45.95,5,4,45.95
2026-03-31,MSFT260417C00377500,2026-04-17,call,377.5,2026-03-31T04:00:00Z,5,7,4.1,6.08,493,129,5.22645
2026-03-31,MSFT260417C00445000,2026-04-17,call,445.0,2026-03-31T04:00:00Z,0.16,0.16,0.05,0.06,132,29,0.062197
2026-03-31,MSFT260417C00460000,2026-04-17,call,460.0,2026-03-31T04:00:00Z,0.06,0.06,0.03,0.04,455,54,0.051582
2026-03-31,MSFT260417C00340000,2026-04-17,call,340.0,2026-03-31T04:00:00Z,29.93,32.53,28,32.53,17,8,29.541765
2026-03-31,MSFT260417C00382500,2026-04-17,call,382.5,2026-03-31T04:00:00Z,3.4,4.75,2.88,4.6,530,128,3.79634
2026-03-31,MSFT260417C00397500,2026-04-17,call,397.5,2026-03-31T04:00:00Z,0.89,1.5,0.87,1.22,590,82,1.172644
2026-03-31,MSFT260417C00407500,2026-04-17,call,407.5,2026-03-31T04:00:00Z,0.44,0.6,0.4,0.59,40,22,0.51075
2026-03-31,MSFT260417C00415000,2026-04-17,call,415.0,2026-03-31T04:00:00Z,0.29,0.33,0.22,0.32,450,88,0.287511
2026-03-31,MSFT260417C00395000,2026-04-17,call,395.0,2026-03-31T04:00:00Z,1.14,1.82,1.04,1.55,1270,267,1.427921
2026-03-31,MSFT260415P00395000,2026-04-15,put,395.0,2026-03-31T04:00:00Z,28.15,29,28.15,29,41,2,28.170732
2026-03-31,MSFT260417C00330000,2026-04-17,call,330.0,2026-03-31T04:00:00Z,37.15,44,36.25,44,5,4,39.8
2026-03-31,MSFT260417C00335000,2026-04-17,call,335.0,2026-03-31T04:00:00Z,34.6,34.63,34.24,34.24,4,3,34.4275
2026-03-31,MSFT260417C00385000,2026-04-17,call,385.0,2026-03-31T04:00:00Z,2.59,4.1,2.07,3.58,2656,557,3.14006
2026-03-31,MSFT260417C00392500,2026-04-17,call,392.5,2026-03-31T04:00:00Z,1.5,2.15,1.31,2.08,248,40,1.817339
2026-03-31,MSFT260417C00410000,2026-04-17,call,410.0,2026-03-31T04:00:00Z,0.4,0.5,0.31,0.42,1482,187,0.402969
2026-03-31,MSFT260417C00435000,2026-04-17,call,435.0,2026-03-31T04:00:00Z,0.09,0.19,0.07,0.07,199,39,0.090251
2026-03-31,MSFT260417C00320000,2026-04-17,call,320.0,2026-03-31T04:00:00Z,48,48.23,47.91,47.95,4,4,48.0225
2026-03-31,MSFT260417C00365000,2026-04-17,call,365.0,2026-03-31T04:00:00Z,10.1,14.2,9.2,13.05,2801,576,10.929257
2026-03-31,MSFT260417C00370000,2026-04-17,call,370.0,2026-03-31T04:00:00Z,7.3,11,6.9,9.5,2510,627,8.748992
2026-03-31,MSFT260417C00375000,2026-04-17,call,375.0,2026-03-31T04:00:00Z,5.25,8.2,4.85,7.21,1934,446,6.421194
2026-03-31,MSFT260417C00380000,2026-04-17,call,380.0,2026-03-31T04:00:00Z,3.7,6,3.4,5.25,8815,1621,4.437856
2026-03-31,MSFT260417C00470000,2026-04-17,call,470.0,2026-03-31T04:00:00Z,0.03,0.05,0.01,0.04,254,18,0.035
2026-03-31,MSFT260417C00490000,2026-04-17,call,490.0,2026-03-31T04:00:00Z,0.03,0.03,0.02,0.03,35,8,0.025714
2026-03-31,MSFT260417C00500000,2026-04-17,call,500.0,2026-03-31T04:00:00Z,0.03,0.04,0.02,0.02,449,31,0.023519
2026-03-31,MSFT260417C00360000,2026-04-17,call,360.0,2026-03-31T04:00:00Z,13,17.5,12.2,15.86,436,179,14.11617
2026-03-31,MSFT260417C00387500,2026-04-17,call,387.5,2026-03-31T04:00:00Z,2.3,3.25,1.95,3.1,313,93,2.51016
2026-03-31,MSFT260417C00390000,2026-04-17,call,390.0,2026-03-31T04:00:00Z,1.76,2.8,1.58,2.4,3712,667,2.184073
2026-03-31,MSFT260417C00412500,2026-04-17,call,412.5,2026-03-31T04:00:00Z,0.25,0.41,0.24,0.41,114,26,0.285263
2026-03-31,MSFT260417C00465000,2026-04-17,call,465.0,2026-03-31T04:00:00Z,0.04,0.04,0.03,0.04,23,7,0.033478
2026-03-31,MSFT260417C00475000,2026-04-17,call,475.0,2026-03-31T04:00:00Z,0.04,0.06,0.01,0.04,52,14,0.039808
2026-03-31,MSFT260415P00385000,2026-04-15,put,385.0,2026-03-31T04:00:00Z,21.6,21.6,21.6,21.6,4,1,21.6
2026-03-31,MSFT260417C00300000,2026-04-17,call,300.0,2026-03-31T04:00:00Z,72,72,72,72,1,1,72
2026-03-31,MSFT260417C00405000,2026-04-17,call,405.0,2026-03-31T04:00:00Z,0.52,0.78,0.47,0.63,661,153,0.613752
2026-03-31,MSFT260417C00425000,2026-04-17,call,425.0,2026-03-31T04:00:00Z,0.32,0.32,0.11,0.14,223,69,0.132108
2026-03-31,MSFT260417C00430000,2026-04-17,call,430.0,2026-03-31T04:00:00Z,0.1,0.13,0.08,0.12,770,95,0.105857
2026-03-31,MSFT260417C00440000,2026-04-17,call,440.0,2026-03-31T04:00:00Z,0.03,0.08,0.03,0.08,781,108,0.072778
2026-03-31,MSFT260417C00565000,2026-04-17,call,565.0,2026-03-31T04:00:00Z,0.01,0.01,0.01,0.01,4,2,0.01
2026-03-31,MSFT260417C00585000,2026-04-17,call,585.0,2026-03-31T04:00:00Z,0.07,0.07,0.04,0.04,23,7,0.050435
2026-03-31,MSFT260417P00305000,2026-04-17,put,305.0,2026-03-31T04:00:00Z,0.39,0.39,0.29,0.29,51,3,0.319412
2026-03-31,MSFT260417P00315000,2026-04-17,put,315.0,2026-03-31T04:00:00Z,0.58,0.64,0.35,0.36,43,20,0.502558
2026-03-31,MSFT260417P00430000,2026-04-17,put,430.0,2026-03-31T04:00:00Z,63.9,63.9,57.85,58.7,8646,5,59.147387
2026-03-31,MSFT260417P00260000,2026-04-17,put,260.0,2026-03-31T04:00:00Z,0.07,0.08,0.01,0.04,341,89,0.03173
2026-03-31,MSFT260417P00370000,2026-04-17,put,370.0,2026-03-31T04:00:00Z,12.02,12.97,7.91,8.77,1272,320,10.111431
2026-03-31,MSFT260417P00377500,2026-04-17,put,377.5,2026-03-31T04:00:00Z,15,15.23,12.75,12.75,146,7,14.659521
2026-03-31,MSFT260417P00407500,2026-04-17,put,407.5,2026-03-31T04:00:00Z,40.8,40.8,40.8,40.8,5,1,40.8
2026-03-31,MSFT260417P00420000,2026-04-17,put,420.0,2026-03-31T04:00:00Z,52.91,55.72,51.11,51.15,11,8,53.181818
2026-03-31,MSFT260417C00545000,2026-04-17,call,545.0,2026-03-31T04:00:00Z,0.02,0.02,0.02,0.02,1,1,0.02
2026-03-31,MSFT260417P00235000,2026-04-17,put,235.0,2026-03-31T04:00:00Z,0.09,0.09,0.02,0.02,224,112,0.047946
2026-03-31,MSFT260417P00310000,2026-04-17,put,310.0,2026-03-31T04:00:00Z,0.49,0.5,0.26,0.26,109,41,0.393486
2026-03-31,MSFT260417P00355000,2026-04-17,put,355.0,2026-03-31T04:00:00Z,6.18,6.3,3.41,3.84,1487,198,4.453093
2026-03-31,MSFT260417P00360000,2026-04-17,put,360.0,2026-03-31T04:00:00Z,7.2,8.15,4.55,5.1,1064,300,6.500235
2026-03-31,MSFT260417P00380000,2026-04-17,put,380.0,2026-03-31T04:00:00Z,18.4,19.55,12.65,14.35,504,162,16.569623
2026-03-31,MSFT260417P00390000,2026-04-17,put,390.0,2026-03-31T04:00:00Z,26.62,27.55,19.85,20.41,597,133,24.036633
2026-03-31,MSFT260417P00225000,2026-04-17,put,225.0,2026-03-31T04:00:00Z,0.17,0.17,0.01,0.02,145,42,0.022759
2026-03-31,MSFT260417P00270000,2026-04-17,put,270.0,2026-03-31T04:00:00Z,0.15,0.15,0.03,0.03,109,23,0.031284
2026-03-31,MSFT260417P00285000,2026-04-17,put,285.0,2026-03-31T04:00:00Z,0.17,0.17,0.02,0.12,6,4,0.103333
2026-03-31,MSFT260417P00375000,2026-04-17,put,375.0,2026-03-31T04:00:00Z,15.25,15.81,9.9,11.25,340,112,12.978382
2026-03-31,MSFT260417P00395000,2026-04-17,put,395.0,2026-03-31T04:00:00Z,30.75,31.6,24,25.83,515,102,27.660816
2026-03-31,MSFT260417C00530000,2026-04-17,call,530.0,2026-03-31T04:00:00Z,0.01,0.01,0.01,0.01,1,1,0.01
2026-03-31,MSFT260417P00280000,2026-04-17,put,280.0,2026-03-31T04:00:00Z,0.1,0.1,0.05,0.06,8,5,0.07625
2026-03-31,MSFT260417P00300000,2026-04-17,put,300.0,2026-03-31T04:00:00Z,0.31,0.31,0.15,0.17,456,47,0.246425
2026-03-31,MSFT260417P00320000,2026-04-17,put,320.0,2026-03-31T04:00:00Z,1.1,1.1,0.45,0.45,1703,130,0.637998
2026-03-31,MSFT260417P00330000,2026-04-17,put,330.0,2026-03-31T04:00:00Z,1.44,1.6,0.8,0.92,364,118,1.177005
2026-03-31,MSFT260417P00365000,2026-04-17,put,365.0,2026-03-31T04:00:00Z,9.47,10.3,5.9,6.75,1485,295,8.187657
2026-03-31,MSFT260417P00405000,2026-04-17,put,405.0,2026-03-31T04:00:00Z,39.9,41.25,33.48,35,292,80,37.891062
2026-03-31,MSFT260417C00515000,2026-04-17,call,515.0,2026-03-31T04:00:00Z,0.01,0.02,0.01,0.02,15,3,0.011333
2026-03-31,MSFT260417C00525000,2026-04-17,call,525.0,2026-03-31T04:00:00Z,0.04,0.04,0.01,0.02,17,3,0.016471
2026-03-31,MSFT260417C00600000,2026-04-17,call,600.0,2026-03-31T04:00:00Z,0.01,0.02,0.01,0.02,25,4,0.016
2026-03-31,MSFT260417C00620000,2026-04-17,call,620.0,2026-03-31T04:00:00Z,0.01,0.01,0.01,0.01,16,1,0.01
2026-03-31,MSFT260417P00335000,2026-04-17,put,335.0,2026-03-31T04:00:00Z,2.09,2.13,1.07,1.07,538,99,1.567714
2026-03-31,MSFT260417P00412500,2026-04-17,put,412.5,2026-03-31T04:00:00Z,45.55,45.55,41.3,41.3,2,2,43.425
2026-03-31,MSFT260417C00505000,2026-04-17,call,505.0,2026-03-31T04:00:00Z,0.06,0.06,0.03,0.03,282,58,0.03961
2026-03-31,MSFT260417C00560000,2026-04-17,call,560.0,2026-03-31T04:00:00Z,0.01,0.03,0.01,0.01,11,3,0.026364
2026-03-31,MSFT260417P00325000,2026-04-17,put,325.0,2026-03-31T04:00:00Z,1.25,1.25,0.6,0.6,292,107,0.975685
2026-03-31,MSFT260417P00340000,2026-04-17,put,340.0,2026-03-31T04:00:00Z,3.2,3.2,1.4,1.63,1561,250,2.052883
2026-03-31,MSFT260417P00350000,2026-04-17,put,350.0,2026-03-31T04:00:00Z,4.43,4.9,2.5,2.92,1459,477,3.748286
2026-03-31,MSFT260417C00605000,2026-04-17,call,605.0,2026-03-31T04:00:00Z,0.02,0.12,0.01,0.01,67,15,0.025522
2026-03-31,MSFT260417P00240000,2026-04-17,put,240.0,2026-03-31T04:00:00Z,0.11,0.11,0.03,0.03,52,26,0.058846
2026-03-31,MSFT260417P00415000,2026-04-17,put,415.0,2026-03-31T04:00:00Z,49,49,42.55,42.55,11,5,47.211818
2026-03-31,MSFT260417C00520000,2026-04-17,call,520.0,2026-03-31T04:00:00Z,0.01,0.02,0.01,0.01,139,11,0.018633
2026-03-31,MSFT260417P00382500,2026-04-17,put,382.5,2026-03-31T04:00:00Z,18.5,18.5,14.3,14.95,15,7,15.37
2026-03-31,MSFT260417P00387500,2026-04-17,put,387.5,2026-03-31T04:00:00Z,22.1,24.95,20.84,20.84,17,6,23.772941
2026-03-31,MSFT260417P00400000,2026-04-17,put,400.0,2026-03-31T04:00:00Z,36.05,37.15,28.05,30.44,567,160,32.957954
2026-03-31,MSFT260417P00275000,2026-04-17,put,275.0,2026-03-31T04:00:00Z,0.08,0.1,0.07,0.07,7,4,0.081429
2026-03-31,MSFT260417P00295000,2026-04-17,put,295.0,2026-03-31T04:00:00Z,0.12,0.12,0.12,0.12,5,2,0.12
2026-03-31,MSFT260417C00510000,2026-04-17,call,510.0,2026-03-31T04:00:00Z,0.02,0.03,0.01,0.02,443,24,0.027923
2026-03-31,MSFT260417C00595000,2026-04-17,call,595.0,2026-03-31T04:00:00Z,0.03,0.03,0.01,0.01,2,2,0.02
2026-03-31,MSFT260417P00290000,2026-04-17,put,290.0,2026-03-31T04:00:00Z,0.23,0.23,0.1,0.1,78,23,0.144615
2026-03-31,MSFT260417P00345000,2026-04-17,put,345.0,2026-03-31T04:00:00Z,3.1,3.73,1.87,2.16,508,168,2.78189
2026-03-31,MSFT260417P00385000,2026-04-17,put,385.0,2026-03-31T04:00:00Z,22.39,23.35,16.15,16.15,228,99,19.768772
2026-03-31,MSFT260417C00550000,2026-04-17,call,550.0,2026-03-31T04:00:00Z,0.01,0.01,0.01,0.01,26,4,0.01
2026-03-31,MSFT260417P00410000,2026-04-17,put,410.0,2026-03-31T04:00:00Z,44,45.9,38.72,38.72,136,92,42.717647
2026-03-31,MSFT260417C00540000,2026-04-17,call,540.0,2026-03-31T04:00:00Z,0.02,0.05,0.01,0.05,3,3,0.026667
2026-03-31,MSFT260417P00265000,2026-04-17,put,265.0,2026-03-31T04:00:00Z,0.04,0.04,0.04,0.04,10,2,0.04
2026-03-31,MSFT260417P00250000,2026-04-17,put,250.0,2026-03-31T04:00:00Z,0.05,0.05,0.01,0.05,508,117,0.040217
2026-03-31,MSFT260417P00435000,2026-04-17,put,435.0,2026-03-31T04:00:00Z,65.6,65.6,62.7,62.7,11500,2,64.33913
2026-03-31,MSFT260417C00580000,2026-04-17,call,580.0,2026-03-31T04:00:00Z,0.03,0.03,0.01,0.01,45,4,0.014
2026-03-31,MSFT260417P00255000,2026-04-17,put,255.0,2026-03-31T04:00:00Z,0.01,0.13,0.01,0.06,186,45,0.028065
2026-03-31,MSFT260417P00475000,2026-04-17,put,475.0,2026-03-31T04:00:00Z,105.5,105.5,102.7,102.71,9760,3,103.934682
2026-03-31,MSFT260417P00500000,2026-04-17,put,500.0,2026-03-31T04:00:00Z,130.45,130.5,129.27,129.27,1790,3,129.766508
2026-03-31,MSFT260417P00525000,2026-04-17,put,525.0,2026-03-31T04:00:00Z,155.45,155.45,154.6,154.6,485,2,154.99433
2026-03-31,MSFT260417P00535000,2026-04-17,put,535.0,2026-03-31T04:00:00Z,165.9,165.9,162.7,164.4,143,3,164.973427
2026-03-31,MSFT260417P00585000,2026-04-17,put,585.0,2026-03-31T04:00:00Z,212.45,212.45,212.45,212.45,1,1,212.45
2026-03-31,MSFT260417P00460000,2026-04-17,put,460.0,2026-03-31T04:00:00Z,90.7,90.7,89.6,89.6,12300,2,90.252846
2026-03-31,MSFT260417P00465000,2026-04-17,put,465.0,2026-03-31T04:00:00Z,95.55,95.55,92.4,92.4,4241,3,95.069889
2026-03-31,MSFT260417P00485000,2026-04-17,put,485.0,2026-03-31T04:00:00Z,115.7,115.7,112.7,112.7,1775,2,114.26338
2026-03-31,MSFT260417P00495000,2026-04-17,put,495.0,2026-03-31T04:00:00Z,125.85,125.85,122.75,122.75,210,2,124.964286
2026-03-31,MSFT260417P00520000,2026-04-17,put,520.0,2026-03-31T04:00:00Z,150.45,150.45,147.7,147.7,510,2,149.048039
2026-03-31,MSFT260417P00530000,2026-04-17,put,530.0,2026-03-31T04:00:00Z,160.45,160.45,157.7,157.7,445,2,159.090449
2026-03-31,MSFT260417P00545000,2026-04-17,put,545.0,2026-03-31T04:00:00Z,174.38,174.38,174.38,174.38,3,1,174.38
2026-03-31,MSFT260417P00560000,2026-04-17,put,560.0,2026-03-31T04:00:00Z,187.5,187.5,187.5,187.5,1,1,187.5
2026-03-31,MSFT260417P00445000,2026-04-17,put,445.0,2026-03-31T04:00:00Z,75.6,75.6,72.75,72.75,8720,2,74.040998
2026-03-31,MSFT260417P00450000,2026-04-17,put,450.0,2026-03-31T04:00:00Z,83.35,83.35,79.6,79.6,13005,4,80.093041
2026-03-31,MSFT260417P00455000,2026-04-17,put,455.0,2026-03-31T04:00:00Z,85.55,85.55,82.96,84.6,9681,4,85.090482
2026-03-31,MSFT260417P00480000,2026-04-17,put,480.0,2026-03-31T04:00:00Z,110.55,110.55,108.5,108.5,8780,2,109.550683
2026-03-31,MSFT260417P00565000,2026-04-17,put,565.0,2026-03-31T04:00:00Z,192.45,192.45,192.45,192.45,1,1,192.45
2026-03-31,MSFT260417P00440000,2026-04-17,put,440.0,2026-03-31T04:00:00Z,70.7,70.7,69.6,69.6,5910,2,70.009475
2026-03-31,MSFT260417P00470000,2026-04-17,put,470.0,2026-03-31T04:00:00Z,100.55,100.55,97.8,97.8,4570,2,99.184026
2026-03-31,MSFT260417P00490000,2026-04-17,put,490.0,2026-03-31T04:00:00Z,120.55,120.55,117.8,117.8,6550,3,119.185115
2026-03-31,MSFT260417P00505000,2026-04-17,put,505.0,2026-03-31T04:00:00Z,135.8,135.8,134.6,134.6,2600,2,135.107692
2026-03-31,MSFT260417P00510000,2026-04-17,put,510.0,2026-03-31T04:00:00Z,140.45,140.45,137.7,137.7,530,2,138.99717
2026-03-31,MSFT260417P00515000,2026-04-17,put,515.0,2026-03-31T04:00:00Z,145.85,145.85,144.6,144.6,1330,2,145.16391
2026-03-31,MSFT260424C00335000,2026-04-24,call,335.0,2026-03-31T04:00:00Z,36.1,36.1,36.1,36.1,2,1,36.1
2026-03-31,MSFT260424C00340000,2026-04-24,call,340.0,2026-03-31T04:00:00Z,29.65,31.5,28.8,28.8,32,20,30.128125
2026-03-31,MSFT260424C00350000,2026-04-24,call,350.0,2026-03-31T04:00:00Z,23.45,26.75,22,26.09,27,12,24.708148
2026-03-31,MSFT260424C00280000,2026-04-24,call,280.0,2026-03-31T04:00:00Z,85.51,85.51,85.51,85.51,5,2,85.51
2026-03-31,MSFT260424C00290000,2026-04-24,call,290.0,2026-03-31T04:00:00Z,74.62,74.62,74.62,74.62,1,1,74.62
2026-03-31,MSFT260424C00320000,2026-04-24,call,320.0,2026-03-31T04:00:00Z,46,46,46,46,1,1,46
2026-03-31,MSFT260424C00330000,2026-04-24,call,330.0,2026-03-31T04:00:00Z,39.8,39.8,39.8,39.8,1,1,39.8
2026-03-31,MSFT260424C00380000,2026-04-24,call,380.0,2026-03-31T04:00:00Z,5.33,7.75,5.15,6.95,396,174,6.325455
2026-03-31,MSFT260424C00425000,2026-04-24,call,425.0,2026-03-31T04:00:00Z,0.33,0.4,0.29,0.33,251,26,0.318327
2026-03-31,MSFT260424C00450000,2026-04-24,call,450.0,2026-03-31T04:00:00Z,0.07,0.12,0.07,0.09,119,23,0.086387
2026-03-31,MSFT260424C00475000,2026-04-24,call,475.0,2026-03-31T04:00:00Z,0.11,0.11,0.11,0.11,1,1,0.11
2026-03-31,MSFT260424P00330000,2026-04-24,put,330.0,2026-03-31T04:00:00Z,2.33,2.6,1.54,1.54,166,48,2.026446
2026-03-31,MSFT260424P00350000,2026-04-24,put,350.0,2026-03-31T04:00:00Z,5.75,6.35,3.87,3.87,481,89,5.261622
2026-03-31,MSFT260424C00370000,2026-04-24,call,370.0,2026-03-31T04:00:00Z,10,12.85,8.95,12.25,657,175,10.752207
2026-03-31,MSFT260424C00430000,2026-04-24,call,430.0,2026-03-31T04:00:00Z,0.25,0.32,0.21,0.28,33,19,0.246061
2026-03-31,MSFT260424P00280000,2026-04-24,put,280.0,2026-03-31T04:00:00Z,0.19,0.3,0.19,0.19,12,7,0.228333
2026-03-31,MSFT260424P00290000,2026-04-24,put,290.0,2026-03-31T04:00:00Z,0.37,0.42,0.31,0.31,10,7,0.358
2026-03-31,MSFT260424P00325000,2026-04-24,put,325.0,2026-03-31T04:00:00Z,1.88,1.99,1.27,1.29,55,19,1.618
2026-03-31,MSFT260424C00375000,2026-04-24,call,375.0,2026-03-31T04:00:00Z,7.7,10,6.8,9,521,156,8.433225
2026-03-31,MSFT260424C00405000,2026-04-24,call,405.0,2026-03-31T04:00:00Z,1.03,1.5,0.96,1.28,336,120,1.290565
2026-03-31,MSFT260424C00410000,2026-04-24,call,410.0,2026-03-31T04:00:00Z,0.7,1.07,0.7,0.9,1302,94,0.922435
2026-03-31,MSFT260424C00420000,2026-04-24,call,420.0,2026-03-31T04:00:00Z,0.46,0.55,0.32,0.41,658,97,0.487158
2026-03-31,MSFT260424P00340000,2026-04-24,put,340.0,2026-03-31T04:00:00Z,4,4,2.32,2.54,257,85,3.070428
2026-03-31,MSFT260424C00360000,2026-04-24,call,360.0,2026-03-31T04:00:00Z,15.07,18.9,14.1,17.8,221,62,16.324118
2026-03-31,MSFT260424C00390000,2026-04-24,call,390.0,2026-03-31T04:00:00Z,3,4.27,2.78,3.75,1260,296,3.487683
2026-03-31,MSFT260424C00415000,2026-04-24,call,415.0,2026-03-31T04:00:00Z,0.47,0.76,0.47,0.73,100,41,0.6514
2026-03-31,MSFT260424C00435000,2026-04-24,call,435.0,2026-03-31T04:00:00Z,0.29,0.29,0.16,0.18,131,65,0.211221
2026-03-31,MSFT260424C00510000,2026-04-24,call,510.0,2026-03-31T04:00:00Z,0.01,0.01,0.01,0.01,32,1,0.01
2026-03-31,MSFT260424P00305000,2026-04-24,put,305.0,2026-03-31T04:00:00Z,0.5,0.78,0.5,0.54,15,5,0.716667
2026-03-31,MSFT260424P00335000,2026-04-24,put,335.0,2026-03-31T04:00:00Z,2.95,3.22,1.89,1.91,105,55,2.595429
2026-03-31,MSFT260424P00355000,2026-04-24,put,355.0,2026-03-31T04:00:00Z,6.8,7.72,4.8,4.9,122,41,6.577131
2026-03-31,MSFT260424C00385000,2026-04-24,call,385.0,2026-03-31T04:00:00Z,3.75,5.75,3.75,5.1,830,149,4.681639
2026-03-31,MSFT260424C00395000,2026-04-24,call,395.0,2026-03-31T04:00:00Z,2.25,3,2,2.65,579,172,2.507444
2026-03-31,MSFT260424C00460000,2026-04-24,call,460.0,2026-03-31T04:00:00Z,0.1,0.1,0.06,0.08,22,11,0.077727
2026-03-31,MSFT260424P00300000,2026-04-24,put,300.0,2026-03-31T04:00:00Z,0.49,0.59,0.3,0.35,86,24,0.542674
2026-03-31,MSFT260424P00310000,2026-04-24,put,310.0,2026-03-31T04:00:00Z,0.79,1,0.62,0.62,33,8,0.69697
2026-03-31,MSFT260424P00315000,2026-04-24,put,315.0,2026-03-31T04:00:00Z,1.1,1.3,0.99,0.99,12,10,1.1425
2026-03-31,MSFT260424P00360000,2026-04-24,put,360.0,2026-03-31T04:00:00Z,9,9.61,5.8,6.63,249,96,7.90988
2026-03-31,MSFT260424C00355000,2026-04-24,call,355.0,2026-03-31T04:00:00Z,19.23,21.9,18.1,21.75,29,17,19.587586
2026-03-31,MSFT260424C00440000,2026-04-24,call,440.0,2026-03-31T04:00:00Z,0.15,0.17,0.12,0.17,18,6,0.132778
2026-03-31,MSFT260424C00445000,2026-04-24,call,445.0,2026-03-31T04:00:00Z,0.12,0.12,0.12,0.12,9,1,0.12
2026-03-31,MSFT260424C00455000,2026-04-24,call,455.0,2026-03-31T04:00:00Z,0.07,0.11,0.07,0.08,3,3,0.086667
2026-03-31,MSFT260424C00470000,2026-04-24,call,470.0,2026-03-31T04:00:00Z,0.05,0.05,0.05,0.05,1,1,0.05
2026-03-31,MSFT260424C00500000,2026-04-24,call,500.0,2026-03-31T04:00:00Z,0.03,0.03,0.03,0.03,20,3,0.03
2026-03-31,MSFT260424P00270000,2026-04-24,put,270.0,2026-03-31T04:00:00Z,0.09,0.14,0.09,0.14,9,4,0.128889
2026-03-31,MSFT260424P00320000,2026-04-24,put,320.0,2026-03-31T04:00:00Z,1.4,1.6,0.88,0.88,128,34,1.386406
2026-03-31,MSFT260424C00365000,2026-04-24,call,365.0,2026-03-31T04:00:00Z,12.17,15.7,11.4,15.7,504,101,12.912917
2026-03-31,MSFT260424C00400000,2026-04-24,call,400.0,2026-03-31T04:00:00Z,1.3,2.23,1.3,1.89,2134,433,1.727596
2026-03-31,MSFT260424P00345000,2026-04-24,put,345.0,2026-03-31T04:00:00Z,4.52,4.9,2.94,3.2,160,64,3.611375
2026-03-31,MSFT260424P00365000,2026-04-24,put,365.0,2026-03-31T04:00:00Z,10.7,12,7.6,8.35,184,72,9.620326
2026-03-31,MSFT260424P00485000,2026-04-24,put,485.0,2026-03-31T04:00:00Z,114.8,114.8,114.8,114.8,1,1,114.8
2026-03-31,MSFT260424P00510000,2026-04-24,put,510.0,2026-03-31T04:00:00Z,139.95,139.95,139.95,139.95,8,1,139.95
2026-03-31,MSFT260424P00375000,2026-04-24,put,375.0,2026-03-31T04:00:00Z,15.4,17.64,12.2,12.2,217,33,13.560922
2026-03-31,MSFT260424P00380000,2026-04-24,put,380.0,2026-03-31T04:00:00Z,18.41,20.17,15.05,15.05,99,25,16.241414
2026-03-31,MSFT260424P00395000,2026-04-24,put,395.0,2026-03-31T04:00:00Z,31.25,31.25,25.7,26.64,41,7,26.683415
2026-03-31,MSFT260424P00405000,2026-04-24,put,405.0,2026-03-31T04:00:00Z,38.5,41.65,38.5,40.8,8,6,39.24375
2026-03-31,MSFT260424P00415000,2026-04-24,put,415.0,2026-03-31T04:00:00Z,47.3,47.3,47.3,47.3,1,1,47.3
2026-03-31,MSFT260424P00425000,2026-04-24,put,425.0,2026-03-31T04:00:00Z,58.53,58.53,58.53,58.53,1,1,58.53
2026-03-31,MSFT260424P00370000,2026-04-24,put,370.0,2026-03-31T04:00:00Z,14.5,14.58,9.6,10.4,138,56,11.837826
2026-03-31,MSFT260424P00390000,2026-04-24,put,390.0,2026-03-31T04:00:00Z,26,27.83,22,22,236,167,26.164153
2026-03-31,MSFT260424P00410000,2026-04-24,put,410.0,2026-03-31T04:00:00Z,45.68,45.68,41,41,3,2,42.56
2026-03-31,MSFT260424P00515000,2026-04-24,put,515.0,2026-03-31T04:00:00Z,144.93,144.93,144.93,144.93,8,1,144.93
2026-03-31,MSFT260424P00385000,2026-04-24,put,385.0,2026-03-31T04:00:00Z,21.98,24.16,18.2,18.2,101,12,19.793861
2026-03-31,MSFT260424P00435000,2026-04-24,put,435.0,2026-03-31T04:00:00Z,71.3,71.3,71.3,71.3,1,1,71.3
2026-03-31,MSFT260424P00400000,2026-04-24,put,400.0,2026-03-31T04:00:00Z,35.75,36.6,31.6,31.6,180,164,35.809889
2026-03-31,MSFT260424P00480000,2026-04-24,put,480.0,2026-03-31T04:00:00Z,109.82,109.82,109.82,109.82,1,1,109.82
2026-03-31,MSFT260501C00300000,2026-05-01,call,300.0,2026-03-31T04:00:00Z,66.95,69.7,66.95,69.7,3,3,68.55
2026-03-31,MSFT260501C00310000,2026-05-01,call,310.0,2026-03-31T04:00:00Z,57.91,62.8,57.91,62.8,28,3,62.361429
2026-03-31,MSFT260501C00320000,2026-05-01,call,320.0,2026-03-31T04:00:00Z,48.8,48.8,48.8,48.8,1,1,48.8
2026-03-31,MSFT260501C00325000,2026-05-01,call,325.0,2026-03-31T04:00:00Z,48.5,48.5,48.5,48.5,1,1,48.5
2026-03-31,MSFT260501C00330000,2026-05-01,call,330.0,2026-03-31T04:00:00Z,41.1,45.1,41.1,45.08,4,4,44.045
2026-03-31,MSFT260501C00335000,2026-05-01,call,335.0,2026-03-31T04:00:00Z,39.25,40.25,35.9,40.08,24,9,38.2925
2026-03-31,MSFT260501C00380000,2026-05-01,call,380.0,2026-03-31T04:00:00Z,9.68,12.65,9.52,11.56,722,137,11.002216
2026-03-31,MSFT260501C00420000,2026-05-01,call,420.0,2026-03-31T04:00:00Z,1.77,2.2,1.61,2.05,874,162,1.827494
2026-03-31,MSFT260501C00425000,2026-05-01,call,425.0,2026-03-31T04:00:00Z,1.51,1.79,1.2,1.73,322,66,1.534938
2026-03-31,MSFT260501C00490000,2026-05-01,call,490.0,2026-03-31T04:00:00Z,0.14,0.23,0.05,0.15,86,33,0.152674
2026-03-31,MSFT260501P00330000,2026-05-01,put,330.0,2026-03-31T04:00:00Z,4.85,5.1,3.44,3.47,76,43,4.139605
2026-03-31,MSFT260501C00435000,2026-05-01,call,435.0,2026-03-31T04:00:00Z,1.02,1.12,0.83,1.04,55,26,0.986364
2026-03-31,MSFT260501C00470000,2026-05-01,call,470.0,2026-03-31T04:00:00Z,0.34,0.49,0.34,0.49,9,2,0.406667
2026-03-31,MSFT260501C00340000,2026-05-01,call,340.0,2026-03-31T04:00:00Z,35,35,33,35,6,3,34.666667
2026-03-31,MSFT260501C00370000,2026-05-01,call,370.0,2026-03-31T04:00:00Z,15,17.4,13.15,16.25,583,104,14.502933
2026-03-31,MSFT260501C00395000,2026-05-01,call,395.0,2026-03-31T04:00:00Z,5.15,7.1,5,7.1,126,73,5.762698
2026-03-31,MSFT260501C00405000,2026-05-01,call,405.0,2026-03-31T04:00:00Z,3.43,4.5,3,4.15,849,260,3.784099
2026-03-31,MSFT260501C00495000,2026-05-01,call,495.0,2026-03-31T04:00:00Z,0.28,0.28,0.07,0.12,100,8,0.174
2026-03-31,MSFT260501C00500000,2026-05-01,call,500.0,2026-03-31T04:00:00Z,0.1,0.18,0.1,0.15,15,7,0.158
2026-03-31,MSFT260501C00345000,2026-05-01,call,345.0,2026-03-31T04:00:00Z,31,31,28.7,28.7,4,4,29.715
2026-03-31,MSFT260501C00365000,2026-05-01,call,365.0,2026-03-31T04:00:00Z,16,20,15.9,19.21,292,84,18.312021
2026-03-31,MSFT260501C00445000,2026-05-01,call,445.0,2026-03-31T04:00:00Z,0.73,0.74,0.54,0.67,178,76,0.650169
2026-03-31,MSFT260501P00290000,2026-05-01,put,290.0,2026-03-31T04:00:00Z,0.98,0.98,0.73,0.73,3,2,0.813333
2026-03-31,MSFT260501P00300000,2026-05-01,put,300.0,2026-03-31T04:00:00Z,1.59,1.59,1.07,1.1,41,20,1.23439
2026-03-31,MSFT260501P00320000,2026-05-01,put,320.0,2026-03-31T04:00:00Z,3.48,3.5,2.33,2.33,64,31,3.071719
2026-03-31,MSFT260501P00325000,2026-05-01,put,325.0,2026-03-31T04:00:00Z,3.85,4.05,2.85,2.85,21,14,3.818571
2026-03-31,MSFT260501C00355000,2026-05-01,call,355.0,2026-03-31T04:00:00Z,22.5,26.05,22.5,25.9,88,14,25.202955
2026-03-31,MSFT260501C00465000,2026-05-01,call,465.0,2026-03-31T04:00:00Z,0.46,0.46,0.3,0.3,97,20,0.347423
2026-03-31,MSFT260501C00475000,2026-05-01,call,475.0,2026-03-31T04:00:00Z,0.25,0.27,0.21,0.27,686,12,0.225583
2026-03-31,MSFT260501C00485000,2026-05-01,call,485.0,2026-03-31T04:00:00Z,0.1,0.18,0.1,0.18,84,2,0.138095
2026-03-31,MSFT260501C00360000,2026-05-01,call,360.0,2026-03-31T04:00:00Z,19.7,23.17,18.25,23.17,217,45,20.220599
2026-03-31,MSFT260501C00375000,2026-05-01,call,375.0,2026-03-31T04:00:00Z,12.55,15.15,11.35,13.85,196,81,13.16949
2026-03-31,MSFT260501P00270000,2026-05-01,put,270.0,2026-03-31T04:00:00Z,0.52,0.52,0.41,0.41,15,5,0.422667
2026-03-31,MSFT260501P00335000,2026-05-01,put,335.0,2026-03-31T04:00:00Z,5.88,6.1,4.18,4.35,107,46,5.155888
2026-03-31,MSFT260501C00385000,2026-05-01,call,385.0,2026-03-31T04:00:00Z,8.5,10.5,7.65,9.1,174,88,8.798563
2026-03-31,MSFT260501C00390000,2026-05-01,call,390.0,2026-03-31T04:00:00Z,7.1,8.95,6.22,7.3,220,109,7.441682
2026-03-31,MSFT260501C00415000,2026-05-01,call,415.0,2026-03-31T04:00:00Z,2.3,2.8,1.89,2.6,250,73,2.34768
2026-03-31,MSFT260501C00430000,2026-05-01,call,430.0,2026-03-31T04:00:00Z,1.25,1.39,0.98,1.3,185,59,1.235838
2026-03-31,MSFT260501P00280000,2026-05-01,put,280.0,2026-03-31T04:00:00Z,0.74,0.74,0.59,0.61,4,3,0.6325
2026-03-31,MSFT260501P00310000,2026-05-01,put,310.0,2026-03-31T04:00:00Z,2.18,2.55,1.55,1.55,171,28,2.272515
2026-03-31,MSFT260501P00340000,2026-05-01,put,340.0,2026-03-31T04:00:00Z,7,7.43,5,5.05,124,65,6.296129
2026-03-31,MSFT260501C00400000,2026-05-01,call,400.0,2026-03-31T04:00:00Z,4.35,5.6,3.92,5.21,1247,362,4.690762
2026-03-31,MSFT260501C00410000,2026-05-01,call,410.0,2026-03-31T04:00:00Z,2.94,3.55,2.42,3.47,439,120,3.107244
2026-03-31,MSFT260501C00440000,2026-05-01,call,440.0,2026-03-31T04:00:00Z,0.86,0.87,0.69,0.83,300,43,0.771933
2026-03-31,MSFT260501C00450000,2026-05-01,call,450.0,2026-03-31T04:00:00Z,0.6,0.6,0.4,0.53,135,34,0.535259
2026-03-31,MSFT260501C00455000,2026-05-01,call,455.0,2026-03-31T04:00:00Z,0.51,0.51,0.4,0.41,9,6,0.425556
2026-03-31,MSFT260501P00305000,2026-05-01,put,305.0,2026-03-31T04:00:00Z,1.9,1.95,1.29,1.29,30,8,1.664
2026-03-31,MSFT260501P00315000,2026-05-01,put,315.0,2026-03-31T04:00:00Z,2.7,2.78,1.92,1.93,31,13,2.397419
2026-03-31,MSFT260501C00350000,2026-05-01,call,350.0,2026-03-31T04:00:00Z,25.84,31,25.07,31,25,16,27.0524
2026-03-31,MSFT260501C00460000,2026-05-01,call,460.0,2026-03-31T04:00:00Z,0.34,0.41,0.34,0.38,78,13,0.368077
2026-03-31,MSFT260501P00355000,2026-05-01,put,355.0,2026-03-31T04:00:00Z,11.3,11.73,8.7,8.85,69,33,10.577971
2026-03-31,MSFT260501P00395000,2026-05-01,put,395.0,2026-03-31T04:00:00Z,34.47,34.63,29.46,29.46,11,6,32.975455
2026-03-31,MSFT260501P00405000,2026-05-01,put,405.0,2026-03-31T04:00:00Z,42.49,43.08,38.99,38.99,81,14,40.499259
2026-03-31,MSFT260501P00440000,2026-05-01,put,440.0,2026-03-31T04:00:00Z,74,74,74,74,1,1,74
2026-03-31,MSFT260501P00370000,2026-05-01,put,370.0,2026-03-31T04:00:00Z,16.65,18.51,14.28,15.16,258,49,15.844496
2026-03-31,MSFT260501P00390000,2026-05-01,put,390.0,2026-03-31T04:00:00Z,28.75,31.48,25.52,25.52,10,7,28.54
2026-03-31,MSFT260501P00345000,2026-05-01,put,345.0,2026-03-31T04:00:00Z,8,8.55,6.07,6.35,210,36,7.134095
2026-03-31,MSFT260501P00360000,2026-05-01,put,360.0,2026-03-31T04:00:00Z,13.31,13.7,10.3,10.95,81,35,11.542716
2026-03-31,MSFT260501P00365000,2026-05-01,put,365.0,2026-03-31T04:00:00Z,15.3,16.02,11.98,12.8,62,36,14.046613
2026-03-31,MSFT260501P00375000,2026-05-01,put,375.0,2026-03-31T04:00:00Z,19.81,21.08,17,17.42,18,15,18.985
2026-03-31,MSFT260501P00385000,2026-05-01,put,385.0,2026-03-31T04:00:00Z,25.6,27.81,24.32,24.32,15,10,26.166
2026-03-31,MSFT260501P00400000,2026-05-01,put,400.0,2026-03-31T04:00:00Z,38.57,39.15,36.15,36.15,19,13,37.595789
2026-03-31,MSFT260501P00410000,2026-05-01,put,410.0,2026-03-31T04:00:00Z,46.13,46.76,40.5,40.5,175,7,46.696857
2026-03-31,MSFT260501P00415000,2026-05-01,put,415.0,2026-03-31T04:00:00Z,49,49,49,49,1,1,49
2026-03-31,MSFT260501P00380000,2026-05-01,put,380.0,2026-03-31T04:00:00Z,22.28,24.33,19.9,20.17,16,12,21.6175
2026-03-31,MSFT260501P00420000,2026-05-01,put,420.0,2026-03-31T04:00:00Z,57.05,57.05,57.05,57.05,1,1,57.05
2026-03-31,MSFT260501P00425000,2026-05-01,put,425.0,2026-03-31T04:00:00Z,61.08,61.08,56.7,56.7,3,2,58.16
2026-03-31,MSFT260501P00430000,2026-05-01,put,430.0,2026-03-31T04:00:00Z,62.88,62.88,60.55,60.55,2,2,61.715
2026-03-31,MSFT260501P00350000,2026-05-01,put,350.0,2026-03-31T04:00:00Z,11,11,7,7.8,252,81,9.592302
2026-03-31,MSFT260508C00430000,2026-05-08,call,430.0,2026-03-31T04:00:00Z,1.71,1.85,1.4,1.85,62,12,1.696935
2026-03-31,MSFT260508C00365000,2026-05-08,call,365.0,2026-03-31T04:00:00Z,19.34,21.45,17.5,20.5,13,10,19.502308
2026-03-31,MSFT260508C00395000,2026-05-08,call,395.0,2026-03-31T04:00:00Z,6.81,7.84,6.08,7.84,16,14,6.97875
2026-03-31,MSFT260508C00420000,2026-05-08,call,420.0,2026-03-31T04:00:00Z,2.66,2.92,1.97,2.6,38,22,2.512105
2026-03-31,MSFT260508C00445000,2026-05-08,call,445.0,2026-03-31T04:00:00Z,0.96,0.97,0.81,0.97,36,8,0.880556
2026-03-31,MSFT260508C00465000,2026-05-08,call,465.0,2026-03-31T04:00:00Z,0.59,0.59,0.45,0.54,95,18,0.481579
2026-03-31,MSFT260508C00330000,2026-05-08,call,330.0,2026-03-31T04:00:00Z,42.48,42.48,42.48,42.48,1,1,42.48
2026-03-31,MSFT260508C00350000,2026-05-08,call,350.0,2026-03-31T04:00:00Z,28.1,31,28.1,31,5,4,30.088
2026-03-31,MSFT260508C00415000,2026-05-08,call,415.0,2026-03-31T04:00:00Z,3.2,3.45,2.74,3.45,25,14,2.9992
2026-03-31,MSFT260508C00440000,2026-05-08,call,440.0,2026-03-31T04:00:00Z,1,1.07,0.9,1.07,9,4,1.032222
2026-03-31,MSFT260508C00450000,2026-05-08,call,450.0,2026-03-31T04:00:00Z,0.74,0.88,0.65,0.81,50,15,0.75
2026-03-31,MSFT260508C00460000,2026-05-08,call,460.0,2026-03-31T04:00:00Z,0.52,0.59,0.48,0.59,46,10,0.548478
2026-03-31,MSFT260508C00345000,2026-05-08,call,345.0,2026-03-31T04:00:00Z,34.5,34.5,34.5,34.5,2,1,34.5
2026-03-31,MSFT260508C00370000,2026-05-08,call,370.0,2026-03-31T04:00:00Z,16.6,18.5,15,18.5,89,28,16.453708
2026-03-31,MSFT260508C00375000,2026-05-08,call,375.0,2026-03-31T04:00:00Z,14.26,16.35,12.92,15.14,45,36,15.155778
2026-03-31,MSFT260508C00405000,2026-05-08,call,405.0,2026-03-31T04:00:00Z,4.5,5.45,4.19,5.3,74,32,4.644865
2026-03-31,MSFT260508C00475000,2026-05-08,call,475.0,2026-03-31T04:00:00Z,0.36,0.36,0.36,0.36,160,4,0.36
2026-03-31,MSFT260508C00495000,2026-05-08,call,495.0,2026-03-31T04:00:00Z,0.36,0.36,0.2,0.2,95,3,0.254737
2026-03-31,MSFT260508C00325000,2026-05-08,call,325.0,2026-03-31T04:00:00Z,46.61,46.61,46.61,46.61,1,1,46.61
2026-03-31,MSFT260508C00355000,2026-05-08,call,355.0,2026-03-31T04:00:00Z,25.25,27.95,22.3,27.95,16,7,26.785625
2026-03-31,MSFT260508C00360000,2026-05-08,call,360.0,2026-03-31T04:00:00Z,22.2,25,22.2,25,28,12,23.107857
2026-03-31,MSFT260508C00385000,2026-05-08,call,385.0,2026-03-31T04:00:00Z,10.5,11.62,9.5,11.62,15,10,10.897333
2026-03-31,MSFT260508C00400000,2026-05-08,call,400.0,2026-03-31T04:00:00Z,5.35,6.7,4.98,6.33,233,49,6.185708
2026-03-31,MSFT260508C00410000,2026-05-08,call,410.0,2026-03-31T04:00:00Z,3.75,4.5,3.2,4.13,123,50,3.730244
2026-03-31,MSFT260508C00425000,2026-05-08,call,425.0,2026-03-31T04:00:00Z,2.02,2.25,1.77,2.25,27,13,1.912593
2026-03-31,MSFT260508C00435000,2026-05-08,call,435.0,2026-03-31T04:00:00Z,1.4,1.55,1.4,1.55,9,6,1.487778
2026-03-31,MSFT260508C00485000,2026-05-08,call,485.0,2026-03-31T04:00:00Z,0.28,0.28,0.28,0.28,40,1,0.28
2026-03-31,MSFT260508C00490000,2026-05-08,call,490.0,2026-03-31T04:00:00Z,0.2,0.29,0.11,0.23,79,29,0.223165
2026-03-31,MSFT260508C00310000,2026-05-08,call,310.0,2026-03-31T04:00:00Z,61.4,61.4,58.5,58.5,2,2,59.95
2026-03-31,MSFT260508C00320000,2026-05-08,call,320.0,2026-03-31T04:00:00Z,52.5,53,49.92,49.92,41,4,50.183902
2026-03-31,MSFT260508C00500000,2026-05-08,call,500.0,2026-03-31T04:00:00Z,0.17,0.17,0.17,0.17,2,2,0.17
2026-03-31,MSFT260508C00300000,2026-05-08,call,300.0,2026-03-31T04:00:00Z,67.63,67.63,67.63,67.63,1,1,67.63
2026-03-31,MSFT260508C00335000,2026-05-08,call,335.0,2026-03-31T04:00:00Z,40.8,40.8,40.8,40.8,1,1,40.8
2026-03-31,MSFT260508C00380000,2026-05-08,call,380.0,2026-03-31T04:00:00Z,12.78,13.9,10.9,12.8,51,22,12.528235
2026-03-31,MSFT260508C00390000,2026-05-08,call,390.0,2026-03-31T04:00:00Z,7.88,9.68,7.35,9.65,576,25,8.450747
2026-03-31,MSFT260508P00340000,2026-05-08,put,340.0,2026-03-31T04:00:00Z,8.15,8.2,5.8,6,201,20,7.672189
2026-03-31,MSFT260508P00355000,2026-05-08,put,355.0,2026-03-31T04:00:00Z,12,12.39,9.95,9.95,13,4,11.984615
2026-03-31,MSFT260515C00260000,2026-05-15,call,260.0,2026-03-31T04:00:00Z,110,110,110,110,1,1,110
2026-03-31,MSFT260515C00280000,2026-05-15,call,280.0,2026-03-31T04:00:00Z,90,90,90,90,2,1,90
2026-03-31,MSFT260508P00365000,2026-05-08,put,365.0,2026-03-31T04:00:00Z,16.15,17.4,13.53,13.53,48,11,15.540625
2026-03-31,MSFT260508P00390000,2026-05-08,put,390.0,2026-03-31T04:00:00Z,30.57,30.57,30.57,30.57,1,1,30.57
2026-03-31,MSFT260515C00240000,2026-05-15,call,240.0,2026-03-31T04:00:00Z,129.15,129.15,129.14,129.14,4,2,129.145
2026-03-31,MSFT260508P00270000,2026-05-08,put,270.0,2026-03-31T04:00:00Z,0.74,0.74,0.5,0.55,13,4,0.573077
2026-03-31,MSFT260508P00305000,2026-05-08,put,305.0,2026-03-31T04:00:00Z,2.51,2.51,2.51,2.51,1,1,2.51
2026-03-31,MSFT260508P00320000,2026-05-08,put,320.0,2026-03-31T04:00:00Z,4.26,4.28,2.99,2.99,293,21,4.098567
2026-03-31,MSFT260508P00370000,2026-05-08,put,370.0,2026-03-31T04:00:00Z,19.28,19.4,15.5,15.54,49,18,17.083469
2026-03-31,MSFT260508P00410000,2026-05-08,put,410.0,2026-03-31T04:00:00Z,45.45,47.35,45.4,47.35,177,5,47.28322
2026-03-31,MSFT260515C00255000,2026-05-15,call,255.0,2026-03-31T04:00:00Z,114.37,114.45,114.37,114.45,4,2,114.41
2026-03-31,MSFT260515C00320000,2026-05-15,call,320.0,2026-03-31T04:00:00Z,52.88,55.35,50.88,55.35,49,5,51.434898
2026-03-31,MSFT260508P00325000,2026-05-08,put,325.0,2026-03-31T04:00:00Z,5,5,3.43,3.44,6,4,4.336667
2026-03-31,MSFT260508P00345000,2026-05-08,put,345.0,2026-03-31T04:00:00Z,9.4,9.4,7.25,7.25,266,16,9.039323
2026-03-31,MSFT260508P00375000,2026-05-08,put,375.0,2026-03-31T04:00:00Z,20.67,20.67,19.15,19.37,49,10,20.048367
2026-03-31,MSFT260515C00290000,2026-05-15,call,290.0,2026-03-31T04:00:00Z,80.13,80.13,80.13,80.13,1,1,80.13
2026-03-31,MSFT260508P00360000,2026-05-08,put,360.0,2026-03-31T04:00:00Z,13.9,15.1,12,12,11,8,13.272727
2026-03-31,MSFT260508P00385000,2026-05-08,put,385.0,2026-03-31T04:00:00Z,27.8,28.9,24.96,24.96,29,6,27.658966
2026-03-31,MSFT260508P00400000,2026-05-08,put,400.0,2026-03-31T04:00:00Z,38.89,38.89,38.89,38.89,1,1,38.89
2026-03-31,MSFT260508P00455000,2026-05-08,put,455.0,2026-03-31T04:00:00Z,87.8,87.8,87.8,87.8,2,1,87.8
2026-03-31,MSFT260508P00300000,2026-05-08,put,300.0,2026-03-31T04:00:00Z,1.95,2.08,1.4,1.4,44,22,1.692273
2026-03-31,MSFT260508P00335000,2026-05-08,put,335.0,2026-03-31T04:00:00Z,6.76,6.76,4.89,5,6,6,5.755
2026-03-31,MSFT260508P00350000,2026-05-08,put,350.0,2026-03-31T04:00:00Z,11.35,11.65,8.3,8.3,136,16,10.859118
2026-03-31,MSFT260508P00395000,2026-05-08,put,395.0,2026-03-31T04:00:00Z,35.39,35.39,31.38,31.38,3,3,32.723333
2026-03-31,MSFT260508P00440000,2026-05-08,put,440.0,2026-03-31T04:00:00Z,75.74,75.74,75.74,75.74,1,1,75.74
2026-03-31,MSFT260515C00310000,2026-05-15,call,310.0,2026-03-31T04:00:00Z,60.88,65.65,58.71,65.65,36,14,60.574444
2026-03-31,MSFT260515C00315000,2026-05-15,call,315.0,2026-03-31T04:00:00Z,58.4,58.4,58.4,58.4,3,1,58.4
2026-03-31,MSFT260508P00420000,2026-05-08,put,420.0,2026-03-31T04:00:00Z,56.33,56.33,56.33,56.33,2,1,56.33
2026-03-31,MSFT260515C00300000,2026-05-15,call,300.0,2026-03-31T04:00:00Z,72,75,67.8,75,16,8,70.359375
2026-03-31,MSFT260508P00290000,2026-05-08,put,290.0,2026-03-31T04:00:00Z,1.45,1.45,1.29,1.29,2,2,1.37
2026-03-31,MSFT260508P00310000,2026-05-08,put,310.0,2026-03-31T04:00:00Z,3,3,2.23,2.23,30,7,2.595333
2026-03-31,MSFT260508P00315000,2026-05-08,put,315.0,2026-03-31T04:00:00Z,3.49,3.54,3.43,3.5,190,10,3.512263
2026-03-31,MSFT260508P00330000,2026-05-08,put,330.0,2026-03-31T04:00:00Z,5.6,6,4.13,4.13,8,8,5.585
2026-03-31,MSFT260515P00280000,2026-05-15,put,280.0,2026-03-31T04:00:00Z,1.33,1.33,0.81,0.81,92,15,0.873261
2026-03-31,MSFT260515P00290000,2026-05-15,put,290.0,2026-03-31T04:00:00Z,1.9,1.9,1.14,1.23,79,49,1.311772
2026-03-31,MSFT260515C00325000,2026-05-15,call,325.0,2026-03-31T04:00:00Z,48.4,51.54,48.4,51.54,2,2,49.97
2026-03-31,MSFT260515C00475000,2026-05-15,call,475.0,2026-03-31T04:00:00Z,0.44,0.5,0.43,0.5,33,13,0.480303
2026-03-31,MSFT260515C00525000,2026-05-15,call,525.0,2026-03-31T04:00:00Z,0.15,0.27,0.15,0.27,3,3,0.216667
2026-03-31,MSFT260515C00660000,2026-05-15,call,660.0,2026-03-31T04:00:00Z,0.22,0.22,0.06,0.12,48,12,0.070208
2026-03-31,MSFT260515C00780000,2026-05-15,call,780.0,2026-03-31T04:00:00Z,0.01,0.02,0.01,0.02,6,6,0.018333
2026-03-31,MSFT260515P00275000,2026-05-15,put,275.0,2026-03-31T04:00:00Z,1.01,1.01,0.66,0.66,45,13,0.748444
2026-03-31,MSFT260515P00300000,2026-05-15,put,300.0,2026-03-31T04:00:00Z,2.71,2.71,1.7,1.82,130,58,2.092923
2026-03-31,MSFT260515C00460000,2026-05-15,call,460.0,2026-03-31T04:00:00Z,0.66,0.78,0.63,0.78,464,37,0.683664
2026-03-31,MSFT260515C00440000,2026-05-15,call,440.0,2026-03-31T04:00:00Z,1.33,1.61,1.23,1.5,1227,154,1.429894
2026-03-31,MSFT260515C00480000,2026-05-15,call,480.0,2026-03-31T04:00:00Z,0.35,0.46,0.35,0.43,187,53,0.409251
2026-03-31,MSFT260515C00600000,2026-05-15,call,600.0,2026-03-31T04:00:00Z,0.06,0.08,0.06,0.08,113,8,0.060796
2026-03-31,MSFT260515C00700000,2026-05-15,call,700.0,2026-03-31T04:00:00Z,0.05,0.05,0.02,0.04,299,31,0.044281
2026-03-31,MSFT260515P00215000,2026-05-15,put,215.0,2026-03-31T04:00:00Z,0.1,0.1,0.06,0.09,15,4,0.067333
2026-03-31,MSFT260515P00265000,2026-05-15,put,265.0,2026-03-31T04:00:00Z,0.46,0.46,0.46,0.46,1,1,0.46
2026-03-31,MSFT260515P00320000,2026-05-15,put,320.0,2026-03-31T04:00:00Z,4.89,4.9,3.45,3.52,220,93,4.076727
2026-03-31,MSFT260515C00395000,2026-05-15,call,395.0,2026-03-31T04:00:00Z,7.62,9.05,7,8.49,625,111,8.024496
2026-03-31,MSFT260515C00455000,2026-05-15,call,455.0,2026-03-31T04:00:00Z,0.93,0.93,0.76,0.93,35,8,0.797143
2026-03-31,MSFT260515C00470000,2026-05-15,call,470.0,2026-03-31T04:00:00Z,0.5,0.57,0.43,0.57,211,37,0.47545
2026-03-31,MSFT260515C00500000,2026-05-15,call,500.0,2026-03-31T04:00:00Z,0.3,0.3,0.22,0.27,1554,112,0.258912
2026-03-31,MSFT260515P00230000,2026-05-15,put,230.0,2026-03-31T04:00:00Z,0.26,0.26,0.12,0.12,2,2,0.19
2026-03-31,MSFT260515C00340000,2026-05-15,call,340.0,2026-03-31T04:00:00Z,37.05,39.35,34.92,39.35,34,9,35.587059
2026-03-31,MSFT260515C00370000,2026-05-15,call,370.0,2026-03-31T04:00:00Z,17.2,20.35,16.09,19.25,1109,293,18.249459
2026-03-31,MSFT260515P00245000,2026-05-15,put,245.0,2026-03-31T04:00:00Z,0.33,0.34,0.2,0.2,4,4,0.28
2026-03-31,MSFT260515P00260000,2026-05-15,put,260.0,2026-03-31T04:00:00Z,0.59,0.63,0.36,0.37,6,6,0.51
2026-03-31,MSFT260515C00520000,2026-05-15,call,520.0,2026-03-31T04:00:00Z,0.06,0.2,0.06,0.18,40,6,0.15225
2026-03-31,MSFT260515C00540000,2026-05-15,call,540.0,2026-03-31T04:00:00Z,0.1,0.1,0.1,0.1,9,2,0.1
2026-03-31,MSFT260515C00390000,2026-05-15,call,390.0,2026-03-31T04:00:00Z,9.24,11,8.36,10.14,528,184,9.822519
2026-03-31,MSFT260515C00445000,2026-05-15,call,445.0,2026-03-31T04:00:00Z,1.1,1.33,1.04,1.28,467,67,1.175503
2026-03-31,MSFT260515C00535000,2026-05-15,call,535.0,2026-03-31T04:00:00Z,0.15,0.24,0.15,0.24,2,2,0.195
2026-03-31,MSFT260515P00310000,2026-05-15,put,310.0,2026-03-31T04:00:00Z,3.61,3.61,2.4,2.61,380,145,2.921
2026-03-31,MSFT260515P00335000,2026-05-15,put,335.0,2026-03-31T04:00:00Z,7.45,8,5.66,5.66,153,69,7.256667
2026-03-31,MSFT260515C00400000,2026-05-15,call,400.0,2026-03-31T04:00:00Z,6.32,7.75,5.5,7.1,3274,704,6.757532
2026-03-31,MSFT260515C00420000,2026-05-15,call,420.0,2026-03-31T04:00:00Z,3.1,3.6,2.63,3.25,1305,341,3.110146
2026-03-31,MSFT260515C00435000,2026-05-15,call,435.0,2026-03-31T04:00:00Z,1.65,2,1.51,1.82,292,52,1.711233
2026-03-31,MSFT260515C00450000,2026-05-15,call,450.0,2026-03-31T04:00:00Z,0.93,1.11,0.85,1.05,2537,236,1.00283
2026-03-31,MSFT260515C00495000,2026-05-15,call,495.0,2026-03-31T04:00:00Z,0.29,0.29,0.25,0.29,7,3,0.261429
2026-03-31,MSFT260515C00610000,2026-05-15,call,610.0,2026-03-31T04:00:00Z,0.12,0.12,0.12,0.12,1,1,0.12
2026-03-31,MSFT260515P00270000,2026-05-15,put,270.0,2026-03-31T04:00:00Z,0.65,0.78,0.56,0.56,19,5,0.680526
2026-03-31,MSFT260515P00295000,2026-05-15,put,295.0,2026-03-31T04:00:00Z,2.17,2.17,1.4,1.4,38,15,1.63
2026-03-31,MSFT260515C00350000,2026-05-15,call,350.0,2026-03-31T04:00:00Z,28.93,33.5,27.45,32,116,48,31.195172
2026-03-31,MSFT260515C00360000,2026-05-15,call,360.0,2026-03-31T04:00:00Z,22.85,26.2,21.37,26.2,342,127,23.447719
2026-03-31,MSFT260515C00550000,2026-05-15,call,550.0,2026-03-31T04:00:00Z,0.09,0.16,0.08,0.14,158,15,0.118354
2026-03-31,MSFT260515C00570000,2026-05-15,call,570.0,2026-03-31T04:00:00Z,0.1,0.2,0.07,0.09,12,7,0.095833
2026-03-31,MSFT260515C00590000,2026-05-15,call,590.0,2026-03-31T04:00:00Z,0.14,0.14,0.14,0.14,3,3,0.14
2026-03-31,MSFT260515C00630000,2026-05-15,call,630.0,2026-03-31T04:00:00Z,0.2,0.2,0.05,0.11,25,13,0.082
2026-03-31,MSFT260515P00250000,2026-05-15,put,250.0,2026-03-31T04:00:00Z,0.47,0.47,0.24,0.24,6,6,0.366667
2026-03-31,MSFT260515P00285000,2026-05-15,put,285.0,2026-03-31T04:00:00Z,1.61,1.61,0.95,0.95,102,44,1.30098
2026-03-31,MSFT260515C00425000,2026-05-15,call,425.0,2026-03-31T04:00:00Z,2.45,2.9,2.23,2.65,327,126,2.530398
2026-03-31,MSFT260515C00515000,2026-05-15,call,515.0,2026-03-31T04:00:00Z,0.31,0.31,0.2,0.2,2,2,0.255
2026-03-31,MSFT260515C00355000,2026-05-15,call,355.0,2026-03-31T04:00:00Z,25.39,29,24.2,29,72,33,26.164722
2026-03-31,MSFT260515C00375000,2026-05-15,call,375.0,2026-03-31T04:00:00Z,14.8,17.52,13.75,16.55,585,173,16.161145
2026-03-31,MSFT260515C00385000,2026-05-15,call,385.0,2026-03-31T04:00:00Z,10.91,12.95,10.15,12.04,469,170,11.53742
2026-03-31,MSFT260515C00430000,2026-05-15,call,430.0,2026-03-31T04:00:00Z,1.97,2.4,1.8,2.16,1266,205,2.085087
2026-03-31,MSFT260515C00530000,2026-05-15,call,530.0,2026-03-31T04:00:00Z,0.13,0.13,0.11,0.13,38,8,0.120526
2026-03-31,MSFT260515C00580000,2026-05-15,call,580.0,2026-03-31T04:00:00Z,0.21,0.21,0.1,0.11,3,3,0.14
2026-03-31,MSFT260515C00640000,2026-05-15,call,640.0,2026-03-31T04:00:00Z,0.09,0.15,0.04,0.13,12,10,0.0825
2026-03-31,MSFT260515P00220000,2026-05-15,put,220.0,2026-03-31T04:00:00Z,0.1,0.1,0.1,0.1,1,1,0.1
2026-03-31,MSFT260515C00465000,2026-05-15,call,465.0,2026-03-31T04:00:00Z,0.6,0.65,0.54,0.65,9,8,0.598889
2026-03-31,MSFT260515C00680000,2026-05-15,call,680.0,2026-03-31T04:00:00Z,0.19,0.2,0.05,0.05,40,12,0.0645
2026-03-31,MSFT260515P00240000,2026-05-15,put,240.0,2026-03-31T04:00:00Z,0.31,0.31,0.2,0.21,15,6,0.226667
2026-03-31,MSFT260515P00255000,2026-05-15,put,255.0,2026-03-31T04:00:00Z,0.49,0.49,0.49,0.49,3,3,0.49
2026-03-31,MSFT260515C00330000,2026-05-15,call,330.0,2026-03-31T04:00:00Z,45.05,47.25,45.05,47.25,10,2,47.03
2026-03-31,MSFT260515C00560000,2026-05-15,call,560.0,2026-03-31T04:00:00Z,0.09,0.1,0.05,0.09,21,5,0.077619
2026-03-31,MSFT260515C00720000,2026-05-15,call,720.0,2026-03-31T04:00:00Z,0.04,0.04,0.03,0.03,4,4,0.0325
2026-03-31,MSFT260515C00740000,2026-05-15,call,740.0,2026-03-31T04:00:00Z,0.03,0.13,0.03,0.07,5,5,0.074
2026-03-31,MSFT260515P00235000,2026-05-15,put,235.0,2026-03-31T04:00:00Z,0.19,0.36,0.1,0.1,4,4,0.2
2026-03-31,MSFT260515P00325000,2026-05-15,put,325.0,2026-03-31T04:00:00Z,5.77,5.86,4.07,4.14,191,75,4.947277
2026-03-31,MSFT260515P00340000,2026-05-15,put,340.0,2026-03-31T04:00:00Z,8.88,9.3,6.74,7.14,854,225,7.831838
2026-03-31,MSFT260515C00335000,2026-05-15,call,335.0,2026-03-31T04:00:00Z,40.8,40.8,40.77,40.77,3,2,40.78
2026-03-31,MSFT260515C00415000,2026-05-15,call,415.0,2026-03-31T04:00:00Z,3.59,4.3,3.2,4,344,130,3.790436
2026-03-31,MSFT260515C00505000,2026-05-15,call,505.0,2026-03-31T04:00:00Z,0.23,0.23,0.23,0.23,5,1,0.23
2026-03-31,MSFT260515C00510000,2026-05-15,call,510.0,2026-03-31T04:00:00Z,0.2,0.22,0.18,0.22,17,6,0.203529
2026-03-31,MSFT260515C00345000,2026-05-15,call,345.0,2026-03-31T04:00:00Z,33,35.57,31.85,35.57,66,9,33.046667
2026-03-31,MSFT260515C00380000,2026-05-15,call,380.0,2026-03-31T04:00:00Z,12.55,15.35,11.7,14.21,1114,297,13.556786
2026-03-31,MSFT260515P00315000,2026-05-15,put,315.0,2026-03-31T04:00:00Z,4.07,4.17,2.97,3.1,249,46,3.409839
2026-03-31,MSFT260515P00330000,2026-05-15,put,330.0,2026-03-31T04:00:00Z,6.35,6.87,4.75,5.2,359,145,5.747994
2026-03-31,MSFT260515C00365000,2026-05-15,call,365.0,2026-03-31T04:00:00Z,19.44,23.1,18.65,22,2045,362,20.006034
2026-03-31,MSFT260515C00620000,2026-05-15,call,620.0,2026-03-31T04:00:00Z,0.2,0.21,0.13,0.14,6,6,0.17
2026-03-31,MSFT260515C00760000,2026-05-15,call,760.0,2026-03-31T04:00:00Z,0.07,0.07,0.07,0.07,9,9,0.07
2026-03-31,MSFT260515P00225000,2026-05-15,put,225.0,2026-03-31T04:00:00Z,0.13,0.13,0.1,0.1,2,2,0.115
2026-03-31,MSFT260515P00305000,2026-05-15,put,305.0,2026-03-31T04:00:00Z,3.05,3.05,2.06,2.07,185,26,2.437027
2026-03-31,MSFT260515C00650000,2026-05-15,call,650.0,2026-03-31T04:00:00Z,0.06,0.06,0.05,0.05,230,32,0.059957
2026-03-31,MSFT260515C00405000,2026-05-15,call,405.0,2026-03-31T04:00:00Z,5.35,6.25,4.75,5.92,857,174,5.52161
2026-03-31,MSFT260515C00410000,2026-05-15,call,410.0,2026-03-31T04:00:00Z,4.29,5.35,3.9,4.87,7433,539,4.817214
2026-03-31,MSFT260515C00485000,2026-05-15,call,485.0,2026-03-31T04:00:00Z,0.37,0.38,0.3,0.37,9,8,0.355556
2026-03-31,MSFT260515C00490000,2026-05-15,call,490.0,2026-03-31T04:00:00Z,0.3,0.34,0.28,0.33,125,19,0.30584
2026-03-31,MSFT260515C00545000,2026-05-15,call,545.0,2026-03-31T04:00:00Z,0.21,0.21,0.11,0.16,7,6,0.145714
2026-03-31,MSFT260515P00510000,2026-05-15,put,510.0,2026-03-31T04:00:00Z,140.45,140.5,140.45,140.5,1745,2,140.474928
2026-03-31,MSFT260515P00410000,2026-05-15,put,410.0,2026-03-31T04:00:00Z,46.27,49,42.14,42.14,124,35,45.070484
2026-03-31,MSFT260515P00365000,2026-05-15,put,365.0,2026-03-31T04:00:00Z,17.41,18.46,14.36,15,481,116,16.109127
2026-03-31,MSFT260515P00375000,2026-05-15,put,375.0,2026-03-31T04:00:00Z,22,23.65,18.59,19.22,200,71,21.46195
2026-03-31,MSFT260515P00395000,2026-05-15,put,395.0,2026-03-31T04:00:00Z,34.37,36.05,34.2,34.25,167,10,34.255449
2026-03-31,MSFT260515P00455000,2026-05-15,put,455.0,2026-03-31T04:00:00Z,88.49,88.49,88.49,88.49,1,1,88.49
2026-03-31,MSFT260515P00535000,2026-05-15,put,535.0,2026-03-31T04:00:00Z,164.72,164.72,164.72,164.72,3,1,164.72
2026-03-31,MSFT260515P00385000,2026-05-15,put,385.0,2026-03-31T04:00:00Z,29.14,29.16,24.2,24.25,150,76,25.918067
2026-03-31,MSFT260515P00440000,2026-05-15,put,440.0,2026-03-31T04:00:00Z,75.59,76.7,69.12,69.12,75,38,73.4656
2026-03-31,MSFT260515P00465000,2026-05-15,put,465.0,2026-03-31T04:00:00Z,98.59,100.67,98.59,100.67,45,2,100.577556
2026-03-31,MSFT260515P00350000,2026-05-15,put,350.0,2026-03-31T04:00:00Z,11.9,12.5,9.1,9.53,336,152,10.541935
2026-03-31,MSFT260515P00355000,2026-05-15,put,355.0,2026-03-31T04:00:00Z,13.48,14.2,10.6,10.96,190,72,12.414
2026-03-31,MSFT260515P00405000,2026-05-15,put,405.0,2026-03-31T04:00:00Z,45.5,45.5,38.7,38.8,34,13,40.145
2026-03-31,MSFT260515P00415000,2026-05-15,put,415.0,2026-03-31T04:00:00Z,50.68,53.15,45.93,45.93,12,6,51.3275
2026-03-31,MSFT260515P00520000,2026-05-15,put,520.0,2026-03-31T04:00:00Z,150.05,150.4,150.05,150.4,730,2,150.256164
2026-03-31,MSFT260515P00360000,2026-05-15,put,360.0,2026-03-31T04:00:00Z,14.8,16.2,12.32,12.81,345,143,13.791652
2026-03-31,MSFT260515P00370000,2026-05-15,put,370.0,2026-03-31T04:00:00Z,20.25,21.01,16,16.48,504,134,17.807579
2026-03-31,MSFT260515P00400000,2026-05-15,put,400.0,2026-03-31T04:00:00Z,39.82,40.5,33.6,33.9,173,54,36.988613
2026-03-31,MSFT260515P00480000,2026-05-15,put,480.0,2026-03-31T04:00:00Z,112.95,116.1,107.2,107.2,4099,27,108.860964
2026-03-31,MSFT260515P00560000,2026-05-15,put,560.0,2026-03-31T04:00:00Z,195.44,195.47,195.44,195.47,3,3,195.45
2026-03-31,MSFT260515P00390000,2026-05-15,put,390.0,2026-03-31T04:00:00Z,32.37,32.8,27.15,27.15,392,75,29.981556
2026-03-31,MSFT260515P00345000,2026-05-15,put,345.0,2026-03-31T04:00:00Z,10.63,10.73,7.7,8.18,364,163,9.462775
2026-03-31,MSFT260515P00420000,2026-05-15,put,420.0,2026-03-31T04:00:00Z,56.98,57.42,49.78,49.79,90,33,53.562889
2026-03-31,MSFT260515P00450000,2026-05-15,put,450.0,2026-03-31T04:00:00Z,83.7,85.5,83,85.2,29,9,84.705172
2026-03-31,MSFT260515P00490000,2026-05-15,put,490.0,2026-03-31T04:00:00Z,120.2,120.5,117,120.5,3730,4,119.906113
2026-03-31,MSFT260515P00500000,2026-05-15,put,500.0,2026-03-31T04:00:00Z,130.45,130.45,127.25,127.25,1620,2,129.027778
2026-03-31,MSFT260515P00530000,2026-05-15,put,530.0,2026-03-31T04:00:00Z,160.2,160.55,160.2,160.55,500,2,160.41
2026-03-31,MSFT260515P00540000,2026-05-15,put,540.0,2026-03-31T04:00:00Z,169.7,169.7,169.7,169.7,3,1,169.7
2026-03-31,MSFT260515P00380000,2026-05-15,put,380.0,2026-03-31T04:00:00Z,25.82,26.4,20.9,22.06,156,74,23.335833
2026-03-31,MSFT260515P00430000,2026-05-15,put,430.0,2026-03-31T04:00:00Z,64,66.25,62.13,62.13,42,8,64.464048
2026-03-31,MSFT260515P00460000,2026-05-15,put,460.0,2026-03-31T04:00:00Z,93.6,93.6,90.9,90.9,4,2,91.575
2026-03-31,MSFT260515P00425000,2026-05-15,put,425.0,2026-03-31T04:00:00Z,61.4,61.4,54.75,54.75,17,6,58.066471
2026-03-31,MSFT260515P00445000,2026-05-15,put,445.0,2026-03-31T04:00:00Z,79,81,78.8,81,3,3,79.6
2026-03-31,MSFT260618C00180000,2026-06-18,call,180.0,2026-03-31T04:00:00Z,185.45,185.89,185.4,185.83,4,4,185.6425
2026-03-31,MSFT260618C00200000,2026-06-18,call,200.0,2026-03-31T04:00:00Z,165.7,166.1,165.6,166.1,12,12,165.771667
2026-03-31,MSFT260618C00230000,2026-06-18,call,230.0,2026-03-31T04:00:00Z,141.02,141.02,141.02,141.02,2,1,141.02
2026-03-31,MSFT260618C00320000,2026-06-18,call,320.0,2026-03-31T04:00:00Z,56,58.5,53.79,58.5,8,3,55.24375
2026-03-31,MSFT260618C00395000,2026-06-18,call,395.0,2026-03-31T04:00:00Z,11.5,13.08,10.86,12.6,116,52,11.944483
2026-03-31,MSFT260618C00430000,2026-06-18,call,430.0,2026-03-31T04:00:00Z,4,4.7,3.7,4.5,458,135,4.23452
2026-03-31,MSFT260618C00445000,2026-06-18,call,445.0,2026-03-31T04:00:00Z,2.55,2.85,2.4,2.85,301,45,2.570598
2026-03-31,MSFT260618C00490000,2026-06-18,call,490.0,2026-03-31T04:00:00Z,0.79,0.82,0.7,0.82,65,32,0.742923
2026-03-31,MSFT260618C00585000,2026-06-18,call,585.0,2026-03-31T04:00:00Z,0.16,0.16,0.16,0.16,20,1,0.16
2026-03-31,MSFT260618C00660000,2026-06-18,call,660.0,2026-03-31T04:00:00Z,0.2,0.2,0.14,0.14,4,4,0.165
2026-03-31,MSFT260618C00295000,2026-06-18,call,295.0,2026-03-31T04:00:00Z,74.87,81.7,74.87,81.7,2,2,78.285
2026-03-31,MSFT260618C00355000,2026-06-18,call,355.0,2026-03-31T04:00:00Z,30.7,33,28.1,32.75,35,23,30.565714
2026-03-31,MSFT260618C00375000,2026-06-18,call,375.0,2026-03-31T04:00:00Z,19.06,21.8,18.06,21.8,390,226,20.119051
2026-03-31,MSFT260618C00440000,2026-06-18,call,440.0,2026-03-31T04:00:00Z,2.96,3.4,2.69,3.29,210,81,3.087524
2026-03-31,MSFT260618C00485000,2026-06-18,call,485.0,2026-03-31T04:00:00Z,0.88,0.92,0.79,0.9,172,57,0.861977
2026-03-31,MSFT260618C00645000,2026-06-18,call,645.0,2026-03-31T04:00:00Z,0.1,0.15,0.1,0.15,2,2,0.125
2026-03-31,MSFT260618C00675000,2026-06-18,call,675.0,2026-03-31T04:00:00Z,0.17,0.17,0.17,0.17,2,2,0.17
2026-03-31,MSFT260618C00330000,2026-06-18,call,330.0,2026-03-31T04:00:00Z,48.15,49.6,46,49.6,9,5,46.7
2026-03-31,MSFT260618C00580000,2026-06-18,call,580.0,2026-03-31T04:00:00Z,0.17,0.2,0.17,0.2,2,2,0.185
2026-03-31,MSFT260618C00740000,2026-06-18,call,740.0,2026-03-31T04:00:00Z,0.03,0.03,0.02,0.02,200,3,0.025
2026-03-31,MSFT260618C00345000,2026-06-18,call,345.0,2026-03-31T04:00:00Z,37,40.15,36.3,40,26,6,39.390385
2026-03-31,MSFT260618C00400000,2026-06-18,call,400.0,2026-03-31T04:00:00Z,9.7,11.75,9.05,11.05,1823,562,10.427241
2026-03-31,MSFT260618C00545000,2026-06-18,call,545.0,2026-03-31T04:00:00Z,0.28,0.29,0.22,0.22,98,17,0.238673
2026-03-31,MSFT260618C00625000,2026-06-18,call,625.0,2026-03-31T04:00:00Z,0.16,0.17,0.16,0.17,3,3,0.166667
2026-03-31,MSFT260618C00665000,2026-06-18,call,665.0,2026-03-31T04:00:00Z,0.2,0.2,0.12,0.15,3,3,0.156667
2026-03-31,MSFT260618C00385000,2026-06-18,call,385.0,2026-03-31T04:00:00Z,15.1,17.12,14.06,16.35,202,88,15.455891
2026-03-31,MSFT260618C00410000,2026-06-18,call,410.0,2026-03-31T04:00:00Z,6.98,8.6,6.75,8.2,1057,340,7.50228
2026-03-31,MSFT260618C00460000,2026-06-18,call,460.0,2026-03-31T04:00:00Z,1.62,1.9,1.5,1.88,472,54,1.685127
2026-03-31,MSFT260618C00620000,2026-06-18,call,620.0,2026-03-31T04:00:00Z,0.1,0.11,0.08,0.08,72,18,0.097778
2026-03-31,MSFT260618C00510000,2026-06-18,call,510.0,2026-03-31T04:00:00Z,0.57,0.57,0.41,0.53,21,13,0.490952
2026-03-31,MSFT260618C00615000,2026-06-18,call,615.0,2026-03-31T04:00:00Z,0.21,0.21,0.08,0.08,5,3,0.11
2026-03-31,MSFT260618C00630000,2026-06-18,call,630.0,2026-03-31T04:00:00Z,0.13,0.13,0.09,0.09,4,3,0.11
2026-03-31,MSFT260618C00800000,2026-06-18,call,800.0,2026-03-31T04:00:00Z,0.03,0.03,0.03,0.03,10,1,0.03
2026-03-31,MSFT260618C00300000,2026-06-18,call,300.0,2026-03-31T04:00:00Z,72.59,77.5,71.2,77.5,10,10,73.829
2026-03-31,MSFT260618C00350000,2026-06-18,call,350.0,2026-03-31T04:00:00Z,33,36.62,31.7,36.62,76,38,34.279605
2026-03-31,MSFT260618C00370000,2026-06-18,call,370.0,2026-03-31T04:00:00Z,22,25,20.55,24,449,144,22.684432
2026-03-31,MSFT260618C00405000,2026-06-18,call,405.0,2026-03-31T04:00:00Z,8.1,10,8.03,9.5,277,85,8.558556
2026-03-31,MSFT260618C00575000,2026-06-18,call,575.0,2026-03-31T04:00:00Z,0.15,0.18,0.14,0.14,14,3,0.143571
2026-03-31,MSFT260618C00590000,2026-06-18,call,590.0,2026-03-31T04:00:00Z,0.15,0.15,0.15,0.15,3,2,0.15
2026-03-31,MSFT260618P00175000,2026-06-18,put,175.0,2026-03-31T04:00:00Z,0.12,0.12,0.04,0.05,1011,555,0.079753
2026-03-31,MSFT260618C00390000,2026-06-18,call,390.0,2026-03-31T04:00:00Z,13.35,15.5,12.15,14.42,1012,182,13.472441
2026-03-31,MSFT260618C00635000,2026-06-18,call,635.0,2026-03-31T04:00:00Z,0.17,0.17,0.05,0.05,6,2,0.07
2026-03-31,MSFT260618C00540000,2026-06-18,call,540.0,2026-03-31T04:00:00Z,0.38,0.38,0.28,0.28,10,5,0.305
2026-03-31,MSFT260618C00420000,2026-06-18,call,420.0,2026-03-31T04:00:00Z,5.2,6.5,5,6.2,315,133,5.737968
2026-03-31,MSFT260618C00425000,2026-06-18,call,425.0,2026-03-31T04:00:00Z,4,5.5,4,5.15,315,80,4.968857
2026-03-31,MSFT260618C00525000,2026-06-18,call,525.0,2026-03-31T04:00:00Z,0.38,0.42,0.35,0.4,36,9,0.376667
2026-03-31,MSFT260618C00655000,2026-06-18,call,655.0,2026-03-31T04:00:00Z,0.28,0.28,0.14,0.14,2,2,0.21
2026-03-31,MSFT260618C00360000,2026-06-18,call,360.0,2026-03-31T04:00:00Z,26.75,30.44,25.75,29.42,421,112,28.18905
2026-03-31,MSFT260618C00475000,2026-06-18,call,475.0,2026-03-31T04:00:00Z,0.99,1.21,0.99,1.2,206,38,1.125388
2026-03-31,MSFT260618C00530000,2026-06-18,call,530.0,2026-03-31T04:00:00Z,0.34,0.35,0.32,0.35,30,9,0.332
2026-03-31,MSFT260618C00565000,2026-06-18,call,565.0,2026-03-31T04:00:00Z,0.17,0.19,0.17,0.19,24,8,0.175
2026-03-31,MSFT260618C00700000,2026-06-18,call,700.0,2026-03-31T04:00:00Z,0.06,0.06,0.06,0.06,1,1,0.06
2026-03-31,MSFT260618C00435000,2026-06-18,call,435.0,2026-03-31T04:00:00Z,3.24,3.95,3.17,3.95,115,49,3.453478
2026-03-31,MSFT260618C00470000,2026-06-18,call,470.0,2026-03-31T04:00:00Z,1.18,1.4,1.1,1.34,72,29,1.302917
2026-03-31,MSFT260618C00520000,2026-06-18,call,520.0,2026-03-31T04:00:00Z,0.35,0.45,0.35,0.45,244,30,0.384959
2026-03-31,MSFT260618C00365000,2026-06-18,call,365.0,2026-03-31T04:00:00Z,24.3,27.45,23,26.65,348,117,25.055575
2026-03-31,MSFT260618C00380000,2026-06-18,call,380.0,2026-03-31T04:00:00Z,16.5,19.8,15.8,18.85,562,247,17.918648
2026-03-31,MSFT260618C00455000,2026-06-18,call,455.0,2026-03-31T04:00:00Z,1.84,2.1,1.69,2.1,70,26,1.862143
2026-03-31,MSFT260618C00515000,2026-06-18,call,515.0,2026-03-31T04:00:00Z,0.4,0.4,0.4,0.4,1,1,0.4
2026-03-31,MSFT260618C00340000,2026-06-18,call,340.0,2026-03-31T04:00:00Z,41.25,42.97,41.25,42.84,11,5,42.421818
2026-03-31,MSFT260618C00415000,2026-06-18,call,415.0,2026-03-31T04:00:00Z,6.17,7.5,5.9,7.5,183,43,6.425847
2026-03-31,MSFT260618C00680000,2026-06-18,call,680.0,2026-03-31T04:00:00Z,0.07,0.07,0.07,0.07,1,1,0.07
2026-03-31,MSFT260618C00325000,2026-06-18,call,325.0,2026-03-31T04:00:00Z,50.5,50.5,49.89,49.89,2,2,50.195
2026-03-31,MSFT260618C00465000,2026-06-18,call,465.0,2026-03-31T04:00:00Z,1.35,1.73,1.31,1.73,117,32,1.415726
2026-03-31,MSFT260618C00480000,2026-06-18,call,480.0,2026-03-31T04:00:00Z,0.88,1.11,0.88,1.11,329,89,0.950699
2026-03-31,MSFT260618C00550000,2026-06-18,call,550.0,2026-03-31T04:00:00Z,0.21,0.27,0.21,0.25,200,20,0.25315
2026-03-31,MSFT260618C00570000,2026-06-18,call,570.0,2026-03-31T04:00:00Z,0.19,0.28,0.19,0.28,2,2,0.235
2026-03-31,MSFT260618C00290000,2026-06-18,call,290.0,2026-03-31T04:00:00Z,82,84.63,81.34,84.63,15,6,82.183333
2026-03-31,MSFT260618C00450000,2026-06-18,call,450.0,2026-03-31T04:00:00Z,2.13,2.55,1.95,2.47,1745,239,2.222728
2026-03-31,MSFT260618C00500000,2026-06-18,call,500.0,2026-03-31T04:00:00Z,0.56,0.69,0.52,0.66,654,102,0.616835
2026-03-31,MSFT260618C00560000,2026-06-18,call,560.0,2026-03-31T04:00:00Z,0.21,0.23,0.2,0.21,20,7,0.212
2026-03-31,MSFT260618C00600000,2026-06-18,call,600.0,2026-03-31T04:00:00Z,0.14,0.14,0.1,0.13,91,9,0.105165
2026-03-31,MSFT260618C00610000,2026-06-18,call,610.0,2026-03-31T04:00:00Z,0.1,0.1,0.1,0.1,2,2,0.1
2026-03-31,MSFT260618C00650000,2026-06-18,call,650.0,2026-03-31T04:00:00Z,0.16,0.16,0.02,0.02,6,5,0.113333
2026-03-31,MSFT260618P00180000,2026-06-18,put,180.0,2026-03-31T04:00:00Z,0.2,0.2,0.04,0.06,750,406,0.09952
2026-03-31,MSFT260618C00310000,2026-06-18,call,310.0,2026-03-31T04:00:00Z,64.9,67.63,64.9,67.63,2,2,66.265
2026-03-31,MSFT260618C00495000,2026-06-18,call,495.0,2026-03-31T04:00:00Z,0.68,0.76,0.62,0.75,35,15,0.705429
2026-03-31,MSFT260618C00505000,2026-06-18,call,505.0,2026-03-31T04:00:00Z,0.5,0.6,0.49,0.6,46,11,0.561739
2026-03-31,MSFT260618C00555000,2026-06-18,call,555.0,2026-03-31T04:00:00Z,0.21,0.22,0.19,0.22,14,4,0.217143
2026-03-31,MSFT260618P00290000,2026-06-18,put,290.0,2026-03-31T04:00:00Z,3.2,3.3,2.52,2.52,30,10,3.186667
2026-03-31,MSFT260618P00320000,2026-06-18,put,320.0,2026-03-31T04:00:00Z,7.2,7.71,5.9,6.15,206,36,7.030194
2026-03-31,MSFT260618P00350000,2026-06-18,put,350.0,2026-03-31T04:00:00Z,14.83,16.17,12.8,13.45,386,113,14.628187
2026-03-31,MSFT260618P00390000,2026-06-18,put,390.0,2026-03-31T04:00:00Z,35.58,36.2,31.18,31.2,65,30,34.215077
2026-03-31,MSFT260618P00420000,2026-06-18,put,420.0,2026-03-31T04:00:00Z,58.71,59.14,52.68,52.68,62,19,55.888387
2026-03-31,MSFT260618P00455000,2026-06-18,put,455.0,2026-03-31T04:00:00Z,88.4,88.4,88.4,88.4,1,1,88.4
2026-03-31,MSFT260618P00190000,2026-06-18,put,190.0,2026-03-31T04:00:00Z,0.1,0.23,0.1,0.1,15,10,0.136667
2026-03-31,MSFT260618P00225000,2026-06-18,put,225.0,2026-03-31T04:00:00Z,0.36,0.36,0.27,0.27,4,4,0.32
2026-03-31,MSFT260618P00405000,2026-06-18,put,405.0,2026-03-31T04:00:00Z,44.68,44.68,40.73,41.1,127,33,42.237244
2026-03-31,MSFT260618P00260000,2026-06-18,put,260.0,2026-03-31T04:00:00Z,1.07,1.07,1.07,1.07,1,1,1.07
2026-03-31,MSFT260618P00295000,2026-06-18,put,295.0,2026-03-31T04:00:00Z,3.73,3.85,3.3,3.35,438,11,3.310023
2026-03-31,MSFT260618P00310000,2026-06-18,put,310.0,2026-03-31T04:00:00Z,5.6,5.87,4.58,4.6,51,15,5.642353
2026-03-31,MSFT260618P00375000,2026-06-18,put,375.0,2026-03-31T04:00:00Z,26,27.25,22.8,23.17,141,45,25.050142
2026-03-31,MSFT260618P00460000,2026-06-18,put,460.0,2026-03-31T04:00:00Z,93.92,96.42,93.92,95.26,4,4,95.4475
2026-03-31,MSFT260618P00200000,2026-06-18,put,200.0,2026-03-31T04:00:00Z,0.25,0.25,0.1,0.1,4,4,0.15
2026-03-31,MSFT260618P00275000,2026-06-18,put,275.0,2026-03-31T04:00:00Z,2.04,2.04,1.62,1.62,5,4,1.84
2026-03-31,MSFT260618P00480000,2026-06-18,put,480.0,2026-03-31T04:00:00Z,113.62,113.62,113.62,113.62,1,1,113.62
2026-03-31,MSFT260618P00595000,2026-06-18,put,595.0,2026-03-31T04:00:00Z,224.93,224.93,224.93,224.93,1,1,224.93
2026-03-31,MSFT260618P00495000,2026-06-18,put,495.0,2026-03-31T04:00:00Z,128.1,130.45,125.5,125.5,9,7,127.988889
2026-03-31,MSFT260618P00265000,2026-06-18,put,265.0,2026-03-31T04:00:00Z,1.44,1.44,1.23,1.23,6,3,1.265
2026-03-31,MSFT260618P00410000,2026-06-18,put,410.0,2026-03-31T04:00:00Z,48.34,50.7,46.27,46.27,65,9,49.630154
2026-03-31,MSFT260618P00470000,2026-06-18,put,470.0,2026-03-31T04:00:00Z,106.37,106.37,105.85,105.85,2,2,106.11
2026-03-31,MSFT260618P00370000,2026-06-18,put,370.0,2026-03-31T04:00:00Z,23.13,24.97,20.1,21.24,1118,525,23.42814
2026-03-31,MSFT260618P00380000,2026-06-18,put,380.0,2026-03-31T04:00:00Z,29,30.45,25.36,25.36,79,38,27.627468
2026-03-31,MSFT260618P00415000,2026-06-18,put,415.0,2026-03-31T04:00:00Z,52.9,52.9,48.1,48.1,51,8,51.725294
2026-03-31,MSFT260618P00450000,2026-06-18,put,450.0,2026-03-31T04:00:00Z,84.07,86.35,78.7,78.74,63,23,83.18127
2026-03-31,MSFT260618P00215000,2026-06-18,put,215.0,2026-03-31T04:00:00Z,0.22,0.22,0.17,0.17,8,4,0.2125
2026-03-31,MSFT260618P00250000,2026-06-18,put,250.0,2026-03-31T04:00:00Z,0.9,0.9,0.78,0.78,3,3,0.85
2026-03-31,MSFT260618P00270000,2026-06-18,put,270.0,2026-03-31T04:00:00Z,1.5,1.5,1.3,1.3,6,2,1.333333
2026-03-31,MSFT260618P00340000,2026-06-18,put,340.0,2026-03-31T04:00:00Z,11.9,12.8,9.85,10.6,212,89,11.152453
2026-03-31,MSFT260618P00400000,2026-06-18,put,400.0,2026-03-31T04:00:00Z,41,42.91,37.95,38.29,44,21,40.635455
2026-03-31,MSFT260618P00305000,2026-06-18,put,305.0,2026-03-31T04:00:00Z,4.65,5.1,3.9,4.1,64,14,4.186406
2026-03-31,MSFT260618P00345000,2026-06-18,put,345.0,2026-03-31T04:00:00Z,13.81,14.1,11.43,11.9,153,57,12.095752
2026-03-31,MSFT260618P00355000,2026-06-18,put,355.0,2026-03-31T04:00:00Z,18,18,14.97,14.97,99,33,16.125758
2026-03-31,MSFT260618P00430000,2026-06-18,put,430.0,2026-03-31T04:00:00Z,67.49,67.49,61.4,61.4,40,10,61.98
2026-03-31,MSFT260618P00485000,2026-06-18,put,485.0,2026-03-31T04:00:00Z,118.25,118.25,118.25,118.25,1,1,118.25
2026-03-31,MSFT260618P00195000,2026-06-18,put,195.0,2026-03-31T04:00:00Z,0.12,0.22,0.12,0.22,2,2,0.17
2026-03-31,MSFT260618P00210000,2026-06-18,put,210.0,2026-03-31T04:00:00Z,0.3,0.3,0.3,0.3,1,1,0.3
2026-03-31,MSFT260618P00300000,2026-06-18,put,300.0,2026-03-31T04:00:00Z,4.15,4.55,3.3,3.3,204,54,4.133137
2026-03-31,MSFT260618P00395000,2026-06-18,put,395.0,2026-03-31T04:00:00Z,37.53,39.48,33.98,33.98,153,44,35.41732
2026-03-31,MSFT260618P00590000,2026-06-18,put,590.0,2026-03-31T04:00:00Z,219.95,219.95,219.95,219.95,1,1,219.95
2026-03-31,MSFT260618P00205000,2026-06-18,put,205.0,2026-03-31T04:00:00Z,0.11,0.15,0.11,0.13,6,6,0.133333
2026-03-31,MSFT260618P00330000,2026-06-18,put,330.0,2026-03-31T04:00:00Z,9.63,9.97,7.75,8,741,116,8.541862
2026-03-31,MSFT260618P00425000,2026-06-18,put,425.0,2026-03-31T04:00:00Z,62.97,62.97,56.85,56.85,5,5,59.774
2026-03-31,MSFT260618P00440000,2026-06-18,put,440.0,2026-03-31T04:00:00Z,73.77,76.43,72.5,72.5,304,5,73.792007
2026-03-31,MSFT260618P00240000,2026-06-18,put,240.0,2026-03-31T04:00:00Z,0.74,0.74,0.74,0.74,1,1,0.74
2026-03-31,MSFT260618P00285000,2026-06-18,put,285.0,2026-03-31T04:00:00Z,2.85,2.85,2.82,2.82,19,2,2.826316
2026-03-31,MSFT260618P00360000,2026-06-18,put,360.0,2026-03-31T04:00:00Z,19.71,20.13,16,16,225,90,18.195422
2026-03-31,MSFT260618P00385000,2026-06-18,put,385.0,2026-03-31T04:00:00Z,32.34,33.02,28.15,28.15,25,17,30.7368
2026-03-31,MSFT260618P00235000,2026-06-18,put,235.0,2026-03-31T04:00:00Z,0.54,0.54,0.42,0.42,2,2,0.48
2026-03-31,MSFT260618P00245000,2026-06-18,put,245.0,2026-03-31T04:00:00Z,0.69,0.69,0.69,0.69,5,1,0.69
2026-03-31,MSFT260618P00280000,2026-06-18,put,280.0,2026-03-31T04:00:00Z,2.5,2.5,1.96,1.96,27,7,2.07
2026-03-31,MSFT260618P00335000,2026-06-18,put,335.0,2026-03-31T04:00:00Z,10.5,11.35,8.7,8.7,127,37,10.487559
2026-03-31,MSFT260618P00220000,2026-06-18,put,220.0,2026-03-31T04:00:00Z,0.33,0.45,0.29,0.29,6,5,0.398333
2026-03-31,MSFT260618P00365000,2026-06-18,put,365.0,2026-03-31T04:00:00Z,20.35,22.5,18.2,18.2,461,233,21.092213
2026-03-31,MSFT260618P00445000,2026-06-18,put,445.0,2026-03-31T04:00:00Z,81.21,81.38,78.42,80.95,310,12,78.519742
2026-03-31,MSFT260618P00515000,2026-06-18,put,515.0,2026-03-31T04:00:00Z,150.5,150.5,150.5,150.5,1,1,150.5
2026-03-31,MSFT260618P00315000,2026-06-18,put,315.0,2026-03-31T04:00:00Z,6.5,6.72,5.6,5.75,253,23,6.34913
2026-03-31,MSFT260618P00325000,2026-06-18,put,325.0,2026-03-31T04:00:00Z,8.27,8.75,6.75,6.95,187,72,8.07508
2026-03-31,MSFT260618P00435000,2026-06-18,put,435.0,2026-03-31T04:00:00Z,67.5,68.01,65.4,65.4,3,3,66.97
2026-03-31,MSFT260618P00540000,2026-06-18,put,540.0,2026-03-31T04:00:00Z,173.7,173.7,173.7,173.7,3,1,173.7
2026-03-31,MSFT260717C00410000,2026-07-17,call,410.0,2026-03-31T04:00:00Z,10,11.35,9.8,11.25,93,35,10.292366
2026-03-31,MSFT260717C00510000,2026-07-17,call,510.0,2026-03-31T04:00:00Z,0.91,0.96,0.87,0.95,131,111,0.896412
2026-03-31,MSFT260717P00275000,2026-07-17,put,275.0,2026-03-31T04:00:00Z,3.07,3.07,3.07,3.07,1,1,3.07
2026-03-31,MSFT260717P00300000,2026-07-17,put,300.0,2026-03-31T04:00:00Z,5.86,6.05,4.75,4.82,116,23,5.283276
2026-03-31,MSFT260717C00320000,2026-07-17,call,320.0,2026-03-31T04:00:00Z,58.47,61.93,56.7,61.93,14,11,59.03
2026-03-31,MSFT260717P00230000,2026-07-17,put,230.0,2026-03-31T04:00:00Z,0.63,0.63,0.63,0.63,1,1,0.63
2026-03-31,MSFT260717C00445000,2026-07-17,call,445.0,2026-03-31T04:00:00Z,3.93,4.36,3.45,4.36,37,12,3.898378
2026-03-31,MSFT260717C00330000,2026-07-17,call,330.0,2026-03-31T04:00:00Z,51.65,54.4,51.65,54.4,11,4,53.309091
2026-03-31,MSFT260717C00440000,2026-07-17,call,440.0,2026-03-31T04:00:00Z,4.5,5.12,4.35,5.11,145,36,4.583379
2026-03-31,MSFT260717C00475000,2026-07-17,call,475.0,2026-03-31T04:00:00Z,1.85,2.14,1.8,2.07,129,72,1.987364
2026-03-31,MSFT260717C00495000,2026-07-17,call,495.0,2026-03-31T04:00:00Z,1.04,1.45,1.02,1.28,61,37,1.155738
2026-03-31,MSFT260717C00535000,2026-07-17,call,535.0,2026-03-31T04:00:00Z,0.57,0.57,0.57,0.57,14,1,0.57
2026-03-31,MSFT260717C00505000,2026-07-17,call,505.0,2026-03-31T04:00:00Z,1.02,1.03,1,1.03,4,4,1.0175
2026-03-31,MSFT260717C00595000,2026-07-17,call,595.0,2026-03-31T04:00:00Z,0.23,0.23,0.23,0.23,1,1,0.23
2026-03-31,MSFT260717P00250000,2026-07-17,put,250.0,2026-03-31T04:00:00Z,1.64,1.64,1.33,1.33,7,3,1.442857
2026-03-31,MSFT260717C00280000,2026-07-17,call,280.0,2026-03-31T04:00:00Z,95.8,95.8,95.8,95.8,1,1,95.8
2026-03-31,MSFT260717C00310000,2026-07-17,call,310.0,2026-03-31T04:00:00Z,65.5,69.17,65.5,69.17,3,2,66.723333
2026-03-31,MSFT260717C00450000,2026-07-17,call,450.0,2026-03-31T04:00:00Z,3.25,4.05,3.25,3.65,272,94,3.607574
2026-03-31,MSFT260717C00720000,2026-07-17,call,720.0,2026-03-31T04:00:00Z,0.05,0.2,0.05,0.11,11,3,0.145455
2026-03-31,MSFT260717C00405000,2026-07-17,call,405.0,2026-03-31T04:00:00Z,10.7,13.02,10.7,12.9,90,49,11.711667
2026-03-31,MSFT260717C00430000,2026-07-17,call,430.0,2026-03-31T04:00:00Z,6.1,6.75,5.6,6.75,299,48,6.325619
2026-03-31,MSFT260717C00515000,2026-07-17,call,515.0,2026-03-31T04:00:00Z,0.9,0.91,0.82,0.86,64,62,0.873281
2026-03-31,MSFT260717C00540000,2026-07-17,call,540.0,2026-03-31T04:00:00Z,0.52,0.59,0.52,0.59,13,4,0.527692
2026-03-31,MSFT260717C00550000,2026-07-17,call,550.0,2026-03-31T04:00:00Z,0.41,0.41,0.38,0.38,7,3,0.401429
2026-03-31,MSFT260717C00350000,2026-07-17,call,350.0,2026-03-31T04:00:00Z,36.95,40.4,35.7,40.4,30,13,38.170333
2026-03-31,MSFT260717C00360000,2026-07-17,call,360.0,2026-03-31T04:00:00Z,31.01,34,29.3,32.61,197,55,31.685127
2026-03-31,MSFT260717C00545000,2026-07-17,call,545.0,2026-03-31T04:00:00Z,0.48,0.5,0.48,0.48,28,3,0.482857
2026-03-31,MSFT260717P00260000,2026-07-17,put,260.0,2026-03-31T04:00:00Z,1.78,1.78,1.78,1.78,10,1,1.78
2026-03-31,MSFT260717C00420000,2026-07-17,call,420.0,2026-03-31T04:00:00Z,7.55,8.85,7.15,8.85,641,123,7.959672
2026-03-31,MSFT260717C00460000,2026-07-17,call,460.0,2026-03-31T04:00:00Z,2.68,3.04,2.54,2.9,131,26,2.918015
2026-03-31,MSFT260717C00465000,2026-07-17,call,465.0,2026-03-31T04:00:00Z,2.35,2.69,2.28,2.69,240,59,2.46375
2026-03-31,MSFT260717C00600000,2026-07-17,call,600.0,2026-03-31T04:00:00Z,0.19,0.25,0.19,0.25,13,3,0.203846
2026-03-31,MSFT260717C00400000,2026-07-17,call,400.0,2026-03-31T04:00:00Z,12.45,15,12.15,14.3,1020,361,13.371039
2026-03-31,MSFT260717C00455000,2026-07-17,call,455.0,2026-03-31T04:00:00Z,3.07,3.46,2.82,3.46,32,13,3.08375
2026-03-31,MSFT260717C00485000,2026-07-17,call,485.0,2026-03-31T04:00:00Z,1.42,1.48,1.42,1.44,7,5,1.454286
2026-03-31,MSFT260717C00500000,2026-07-17,call,500.0,2026-03-31T04:00:00Z,0.96,1.28,0.86,1.22,897,111,1.135117
2026-03-31,MSFT260717C00290000,2026-07-17,call,290.0,2026-03-31T04:00:00Z,83.95,83.95,81.64,81.64,2,2,82.795
2026-03-31,MSFT260717C00300000,2026-07-17,call,300.0,2026-03-31T04:00:00Z,75.25,79.08,75.25,79.08,27,11,75.929259
2026-03-31,MSFT260717C00530000,2026-07-17,call,530.0,2026-03-31T04:00:00Z,0.75,0.75,0.6,0.74,25,10,0.6664
2026-03-31,MSFT260717P00215000,2026-07-17,put,215.0,2026-03-31T04:00:00Z,0.5,0.5,0.35,0.35,37,12,0.424595
2026-03-31,MSFT260717C00395000,2026-07-17,call,395.0,2026-03-31T04:00:00Z,14.75,16.9,13.78,16.26,114,61,15.323333
2026-03-31,MSFT260717C00340000,2026-07-17,call,340.0,2026-03-31T04:00:00Z,44,45.9,42.3,45.9,33,15,44.368182
2026-03-31,MSFT260717C00415000,2026-07-17,call,415.0,2026-03-31T04:00:00Z,8.67,10.25,8.35,10.25,66,38,9.289545
2026-03-31,MSFT260717C00425000,2026-07-17,call,425.0,2026-03-31T04:00:00Z,6.8,7.75,6.45,7.75,38,21,6.814474
2026-03-31,MSFT260717C00470000,2026-07-17,call,470.0,2026-03-31T04:00:00Z,2.07,2.38,1.96,2.34,271,61,2.270185
2026-03-31,MSFT260717P00295000,2026-07-17,put,295.0,2026-03-31T04:00:00Z,5.08,5.19,4.4,4.4,23,6,4.505217
2026-03-31,MSFT260717C00390000,2026-07-17,call,390.0,2026-03-31T04:00:00Z,16.63,18.3,15.71,17.75,188,47,16.916968
2026-03-31,MSFT260717P00240000,2026-07-17,put,240.0,2026-03-31T04:00:00Z,1.17,1.17,0.9,0.9,2,2,1.035
2026-03-31,MSFT260717C00480000,2026-07-17,call,480.0,2026-03-31T04:00:00Z,1.65,1.92,1.5,1.87,222,48,1.816261
2026-03-31,MSFT260717C00490000,2026-07-17,call,490.0,2026-03-31T04:00:00Z,1.29,1.49,1.29,1.46,427,57,1.439297
2026-03-31,MSFT260717C00525000,2026-07-17,call,525.0,2026-03-31T04:00:00Z,0.54,0.72,0.54,0.72,12,5,0.615
2026-03-31,MSFT260717C00620000,2026-07-17,call,620.0,2026-03-31T04:00:00Z,0.18,0.26,0.18,0.26,5,4,0.228
2026-03-31,MSFT260717P00255000,2026-07-17,put,255.0,2026-03-31T04:00:00Z,1.9,1.9,1.9,1.9,1,1,1.9
2026-03-31,MSFT260717P00280000,2026-07-17,put,280.0,2026-03-31T04:00:00Z,3.78,3.78,2.96,2.96,16,4,3.25875
2026-03-31,MSFT260717C00295000,2026-07-17,call,295.0,2026-03-31T04:00:00Z,77.25,77.25,77.25,77.25,1,1,77.25
2026-03-31,MSFT260717C00435000,2026-07-17,call,435.0,2026-03-31T04:00:00Z,5.31,5.95,5,5.95,14,11,5.358571
2026-03-31,MSFT260717C00660000,2026-07-17,call,660.0,2026-03-31T04:00:00Z,0.1,0.15,0.1,0.13,3,3,0.126667
2026-03-31,MSFT260717P00270000,2026-07-17,put,270.0,2026-03-31T04:00:00Z,2.78,2.78,2.2,2.21,33,9,2.427576
2026-03-31,MSFT260717C00370000,2026-07-17,call,370.0,2026-03-31T04:00:00Z,25.62,28.5,24.2,27.8,410,123,26.473122
2026-03-31,MSFT260717C00380000,2026-07-17,call,380.0,2026-03-31T04:00:00Z,20.45,23.13,19.75,22.4,288,118,21.825625
2026-03-31,MSFT260717C00520000,2026-07-17,call,520.0,2026-03-31T04:00:00Z,0.7,0.83,0.7,0.83,18,6,0.797222
2026-03-31,MSFT260717C00560000,2026-07-17,call,560.0,2026-03-31T04:00:00Z,0.36,0.41,0.32,0.41,9,4,0.388889
2026-03-31,MSFT260717P00265000,2026-07-17,put,265.0,2026-03-31T04:00:00Z,2.39,2.44,2,2,71,9,2.092254
2026-03-31,MSFT260717P00310000,2026-07-17,put,310.0,2026-03-31T04:00:00Z,6.1,6.12,6.05,6.12,4,4,6.0925
2026-03-31,MSFT260821C00330000,2026-08-21,call,330.0,2026-03-31T04:00:00Z,55,56.25,54.24,56.25,23,4,55.315217
2026-03-31,MSFT260821C00390000,2026-08-21,call,390.0,2026-03-31T04:00:00Z,21.65,23.93,21.2,23.93,137,66,22.040511
2026-03-31,MSFT260821C00400000,2026-08-21,call,400.0,2026-03-31T04:00:00Z,17.87,20.25,17,20,205,93,18.748976
2026-03-31,MSFT260717P00330000,2026-07-17,put,330.0,2026-03-31T04:00:00Z,11.45,12.2,9.6,10.4,1643,382,10.116482
2026-03-31,MSFT260717P00405000,2026-07-17,put,405.0,2026-03-31T04:00:00Z,44.7,44.7,43.85,43.85,11,3,43.927273
2026-03-31,MSFT260717P00430000,2026-07-17,put,430.0,2026-03-31T04:00:00Z,67,67,62.59,63.12,13,4,66.179231
2026-03-31,MSFT260717P00440000,2026-07-17,put,440.0,2026-03-31T04:00:00Z,74.52,74.52,70.8,70.8,12,4,71.380833
2026-03-31,MSFT260717P00450000,2026-07-17,put,450.0,2026-03-31T04:00:00Z,80.26,80.26,79.83,79.83,9,3,79.891111
2026-03-31,MSFT260821C00290000,2026-08-21,call,290.0,2026-03-31T04:00:00Z,84.92,84.92,84.92,84.92,1,1,84.92
2026-03-31,MSFT260821C00340000,2026-08-21,call,340.0,2026-03-31T04:00:00Z,50.1,52.9,47.56,52.9,19,9,49.169474
2026-03-31,MSFT260821C00520000,2026-08-21,call,520.0,2026-03-31T04:00:00Z,1.55,1.69,1.55,1.69,16,6,1.5825
2026-03-31,MSFT260821C00450000,2026-08-21,call,450.0,2026-03-31T04:00:00Z,6.45,7.15,5.95,6.88,434,107,6.467949
2026-03-31,MSFT260821C00480000,2026-08-21,call,480.0,2026-03-31T04:00:00Z,3.35,3.8,3.25,3.6,452,80,3.465708
2026-03-31,MSFT260821C00500000,2026-08-21,call,500.0,2026-03-31T04:00:00Z,2.2,2.53,2.2,2.47,368,88,2.3725
2026-03-31,MSFT260717P00470000,2026-07-17,put,470.0,2026-03-31T04:00:00Z,100.77,100.77,100.77,100.77,1,1,100.77
2026-03-31,MSFT260821C00225000,2026-08-21,call,225.0,2026-03-31T04:00:00Z,148.26,148.26,148.26,148.26,2,2,148.26
2026-03-31,MSFT260821C00380000,2026-08-21,call,380.0,2026-03-31T04:00:00Z,26.52,28.74,25.3,28.05,59,35,27.260339
2026-03-31,MSFT260821C00420000,2026-08-21,call,420.0,2026-03-31T04:00:00Z,12.2,13.69,11.4,13.05,290,76,12.594862
2026-03-31,MSFT260821C00460000,2026-08-21,call,460.0,2026-03-31T04:00:00Z,5.25,5.65,4.83,5.65,238,84,5.376555
2026-03-31,MSFT260821C00540000,2026-08-21,call,540.0,2026-03-31T04:00:00Z,1.1,1.25,1.1,1.2,30,7,1.177
2026-03-31,MSFT260821C00560000,2026-08-21,call,560.0,2026-03-31T04:00:00Z,0.87,0.87,0.87,0.87,1,1,0.87
2026-03-31,MSFT260717P00395000,2026-07-17,put,395.0,2026-03-31T04:00:00Z,41.23,41.23,37.75,38.7,13,7,40.421538
2026-03-31,MSFT260821C00350000,2026-08-21,call,350.0,2026-03-31T04:00:00Z,42.86,45.4,42.5,45.4,11,9,43.653636
2026-03-31,MSFT260821C00360000,2026-08-21,call,360.0,2026-03-31T04:00:00Z,36.5,39.23,34.7,39.23,97,53,36.967423
2026-03-31,MSFT260821C00440000,2026-08-21,call,440.0,2026-03-31T04:00:00Z,7.95,8.8,7.4,8.8,147,64,8.187075
2026-03-31,MSFT260821C00490000,2026-08-21,call,490.0,2026-03-31T04:00:00Z,2.8,3.06,2.8,3.06,14,7,2.929286
2026-03-31,MSFT260821C00530000,2026-08-21,call,530.0,2026-03-31T04:00:00Z,1.35,1.45,1.31,1.45,316,13,1.41019
2026-03-31,MSFT260821C00320000,2026-08-21,call,320.0,2026-03-31T04:00:00Z,62.1,65.5,61.2,65.5,19,3,65.094737
2026-03-31,MSFT260717P00340000,2026-07-17,put,340.0,2026-03-31T04:00:00Z,14.26,15.15,12.32,12.71,267,65,13.302959
2026-03-31,MSFT260717P00360000,2026-07-17,put,360.0,2026-03-31T04:00:00Z,21.79,22.8,18.6,18.6,147,53,21.656395
2026-03-31,MSFT260717P00390000,2026-07-17,put,390.0,2026-03-31T04:00:00Z,36.77,38.99,33,33,181,41,34.675193
2026-03-31,MSFT260717P00400000,2026-07-17,put,400.0,2026-03-31T04:00:00Z,44.92,45.06,40.15,40.15,27,11,41.76
2026-03-31,MSFT260717P00460000,2026-07-17,put,460.0,2026-03-31T04:00:00Z,93.17,95.94,93.13,95.94,4,4,93.8525
2026-03-31,MSFT260821C00260000,2026-08-21,call,260.0,2026-03-31T04:00:00Z,115.95,115.95,115.95,115.95,1,1,115.95
2026-03-31,MSFT260821C00270000,2026-08-21,call,270.0,2026-03-31T04:00:00Z,106.97,108.2,106.97,108.2,11,2,108.088182
2026-03-31,MSFT260717P00320000,2026-07-17,put,320.0,2026-03-31T04:00:00Z,8.9,9.75,7.75,7.85,93,43,8.294731
2026-03-31,MSFT260717P00350000,2026-07-17,put,350.0,2026-03-31T04:00:00Z,18,18.7,15.31,15.83,133,42,16.914737
2026-03-31,MSFT260717P00410000,2026-07-17,put,410.0,2026-03-31T04:00:00Z,50.13,52.05,46.63,46.63,18,5,51.214444
2026-03-31,MSFT260821C00370000,2026-08-21,call,370.0,2026-03-31T04:00:00Z,31.3,34.14,29.55,33.4,165,57,32.000606
2026-03-31,MSFT260821C00410000,2026-08-21,call,410.0,2026-03-31T04:00:00Z,15.16,16.55,14,16.55,85,30,14.803412
2026-03-31,MSFT260821C00430000,2026-08-21,call,430.0,2026-03-31T04:00:00Z,9.85,11,9.15,10.59,158,61,9.818671
2026-03-31,MSFT260821C00470000,2026-08-21,call,470.0,2026-03-31T04:00:00Z,4.05,4.5,3.9,4.35,79,28,4.287848
2026-03-31,MSFT260821C00510000,2026-08-21,call,510.0,2026-03-31T04:00:00Z,1.73,2.02,1.73,2.02,149,19,1.77443
2026-03-31,MSFT260717P00380000,2026-07-17,put,380.0,2026-03-31T04:00:00Z,31.09,32.93,26.95,26.95,172,49,29.134535
2026-03-31,MSFT260717P00445000,2026-07-17,put,445.0,2026-03-31T04:00:00Z,76.23,76.23,76.23,76.23,1,1,76.23
2026-03-31,MSFT260717P00640000,2026-07-17,put,640.0,2026-03-31T04:00:00Z,275.3,275.3,275.3,275.3,1,1,275.3
2026-03-31,MSFT260821C00300000,2026-08-21,call,300.0,2026-03-31T04:00:00Z,79.02,79.02,79.02,79.02,1,1,79.02
2026-03-31,MSFT260821C00310000,2026-08-21,call,310.0,2026-03-31T04:00:00Z,71.5,71.5,71.5,71.5,10,1,71.5
2026-03-31,MSFT260821C00550000,2026-08-21,call,550.0,2026-03-31T04:00:00Z,0.93,1.13,0.93,1.08,186,20,1.00414
2026-03-31,MSFT260717P00370000,2026-07-17,put,370.0,2026-03-31T04:00:00Z,25.73,27.57,23.1,23.5,395,146,25.685696
2026-03-31,MSFT260717P00415000,2026-07-17,put,415.0,2026-03-31T04:00:00Z,55.39,55.39,55.39,55.39,10,1,55.39
2026-03-31,MSFT260717P00420000,2026-07-17,put,420.0,2026-03-31T04:00:00Z,57.55,57.55,55.94,56.03,13,4,57.186154
2026-03-31,MSFT260821P00300000,2026-08-21,put,300.0,2026-03-31T04:00:00Z,8.55,8.83,7.1,7.32,128,17,8.025703
2026-03-31,MSFT260821P00340000,2026-08-21,put,340.0,2026-03-31T04:00:00Z,18.7,19.14,16,16.64,125,28,16.81208
2026-03-31,MSFT260918C00320000,2026-09-18,call,320.0,2026-03-31T04:00:00Z,65.5,68.77,63.3,68.77,44,18,65.712273
2026-03-31,MSFT260821P00285000,2026-08-21,put,285.0,2026-03-31T04:00:00Z,5.2,5.2,5.09,5.09,15,3,5.16
2026-03-31,MSFT260821P00380000,2026-08-21,put,380.0,2026-03-31T04:00:00Z,36.24,36.9,32.52,32.52,14,8,35.127857
2026-03-31,MSFT260821P00280000,2026-08-21,put,280.0,2026-03-31T04:00:00Z,5.54,5.6,5.05,5.05,13,5,5.167692
2026-03-31,MSFT260821P00320000,2026-08-21,put,320.0,2026-03-31T04:00:00Z,12.6,13.13,11.05,11.05,18,12,11.670556
2026-03-31,MSFT260821P00410000,2026-08-21,put,410.0,2026-03-31T04:00:00Z,54.27,55.91,53.6,55.91,16,7,54.331875
2026-03-31,MSFT260918C00280000,2026-09-18,call,280.0,2026-03-31T04:00:00Z,100.8,100.8,100.8,100.8,1,1,100.8
2026-03-31,MSFT260918C00290000,2026-09-18,call,290.0,2026-03-31T04:00:00Z,89.32,89.32,89.32,89.32,2,1,89.32
2026-03-31,MSFT260821C00620000,2026-08-21,call,620.0,2026-03-31T04:00:00Z,0.4,0.4,0.4,0.4,2,2,0.4
2026-03-31,MSFT260821P00215000,2026-08-21,put,215.0,2026-03-31T04:00:00Z,0.9,0.9,0.9,0.9,1,1,0.9
2026-03-31,MSFT260821P00255000,2026-08-21,put,255.0,2026-03-31T04:00:00Z,2.61,2.61,2.61,2.61,1,1,2.61
2026-03-31,MSFT260821P00460000,2026-08-21,put,460.0,2026-03-31T04:00:00Z,95.24,96.5,95.24,96.5,4,2,96.185
2026-03-31,MSFT260821P00490000,2026-08-21,put,490.0,2026-03-31T04:00:00Z,123.1,123.1,123.1,123.1,17,1,123.1
2026-03-31,MSFT260821P00420000,2026-08-21,put,420.0,2026-03-31T04:00:00Z,61.59,61.59,57.6,57.6,5,5,59.824
2026-03-31,MSFT260821P00470000,2026-08-21,put,470.0,2026-03-31T04:00:00Z,99.7,99.7,99.5,99.5,10,2,99.6
2026-03-31,MSFT260821C00740000,2026-08-21,call,740.0,2026-03-31T04:00:00Z,0.1,0.1,0.1,0.1,1,1,0.1
2026-03-31,MSFT260821P00225000,2026-08-21,put,225.0,2026-03-31T04:00:00Z,1.27,1.29,1.15,1.15,9,3,1.27
2026-03-31,MSFT260821P00250000,2026-08-21,put,250.0,2026-03-31T04:00:00Z,2.7,2.7,2.22,2.22,395,14,2.478025
2026-03-31,MSFT260821P00360000,2026-08-21,put,360.0,2026-03-31T04:00:00Z,26.1,26.57,23.2,23.2,240,23,23.688542
2026-03-31,MSFT260821P00400000,2026-08-21,put,400.0,2026-03-31T04:00:00Z,48.42,50.15,43.15,43.15,55,13,46.721091
2026-03-31,MSFT260918C00295000,2026-09-18,call,295.0,2026-03-31T04:00:00Z,85.22,85.22,82.11,82.11,3,2,84.183333
2026-03-31,MSFT260918C00330000,2026-09-18,call,330.0,2026-03-31T04:00:00Z,56.46,60.4,56.46,60,107,13,59.985421
2026-03-31,MSFT260821C00760000,2026-08-21,call,760.0,2026-03-31T04:00:00Z,0.08,0.08,0.08,0.08,3,2,0.08
2026-03-31,MSFT260821P00265000,2026-08-21,put,265.0,2026-03-31T04:00:00Z,4,4,4,4,1,1,4
2026-03-31,MSFT260821P00295000,2026-08-21,put,295.0,2026-03-31T04:00:00Z,7.8,7.8,6.48,6.48,13,5,6.693846
2026-03-31,MSFT260821P00370000,2026-08-21,put,370.0,2026-03-31T04:00:00Z,30.15,31.7,27.9,27.94,131,58,29.880534
2026-03-31,MSFT260918C00340000,2026-09-18,call,340.0,2026-03-31T04:00:00Z,49.85,54.2,49.85,54.2,53,5,52.217358
2026-03-31,MSFT260821C00660000,2026-08-21,call,660.0,2026-03-31T04:00:00Z,0.2,0.39,0.2,0.39,2,2,0.295
2026-03-31,MSFT260821C00680000,2026-08-21,call,680.0,2026-03-31T04:00:00Z,0.19,0.19,0.19,0.19,3,3,0.19
2026-03-31,MSFT260821C00780000,2026-08-21,call,780.0,2026-03-31T04:00:00Z,0.06,0.13,0.06,0.13,5,3,0.088
2026-03-31,MSFT260821P00430000,2026-08-21,put,430.0,2026-03-31T04:00:00Z,71.22,71.22,65.2,65.35,15,5,66.457333
2026-03-31,MSFT260821P00530000,2026-08-21,put,530.0,2026-03-31T04:00:00Z,166.45,166.45,166.45,166.45,1,1,166.45
2026-03-31,MSFT260821C00600000,2026-08-21,call,600.0,2026-03-31T04:00:00Z,0.54,0.54,0.36,0.44,15,5,0.391333
2026-03-31,MSFT260821C00700000,2026-08-21,call,700.0,2026-03-31T04:00:00Z,0.27,0.28,0.16,0.16,5,5,0.252
2026-03-31,MSFT260821P00270000,2026-08-21,put,270.0,2026-03-31T04:00:00Z,4,4,4,4,18,4,4
2026-03-31,MSFT260821P00350000,2026-08-21,put,350.0,2026-03-31T04:00:00Z,21.35,22.58,19.85,19.85,53,25,20.935472
2026-03-31,MSFT260821P00390000,2026-08-21,put,390.0,2026-03-31T04:00:00Z,40.99,42.7,38.02,38.72,19,11,40.705263
2026-03-31,MSFT260821P00450000,2026-08-21,put,450.0,2026-03-31T04:00:00Z,85.8,88.29,81.23,81.23,26,8,85.696923
2026-03-31,MSFT260918C00300000,2026-09-18,call,300.0,2026-03-31T04:00:00Z,81.8,81.8,81.8,81.8,10,1,81.8
2026-03-31,MSFT260918C00310000,2026-09-18,call,310.0,2026-03-31T04:00:00Z,70.7,76.55,70.7,75.94,13,4,71.706923
2026-03-31,MSFT260821C00610000,2026-08-21,call,610.0,2026-03-31T04:00:00Z,0.54,0.57,0.54,0.57,2,2,0.555
2026-03-31,MSFT260821C00720000,2026-08-21,call,720.0,2026-03-31T04:00:00Z,0.1,0.22,0.1,0.13,3,3,0.15
2026-03-31,MSFT260821P00240000,2026-08-21,put,240.0,2026-03-31T04:00:00Z,1.72,1.72,1.71,1.71,3,2,1.713333
2026-03-31,MSFT260821P00310000,2026-08-21,put,310.0,2026-03-31T04:00:00Z,10.3,10.87,8.98,8.98,43,12,10.044651
2026-03-31,MSFT260821P00275000,2026-08-21,put,275.0,2026-03-31T04:00:00Z,4.7,5.05,4.15,4.16,33,6,4.212424
2026-03-31,MSFT260821P00330000,2026-08-21,put,330.0,2026-03-31T04:00:00Z,15.18,16,13.17,13.74,203,47,14.282512
2026-03-31,MSFT260821P00440000,2026-08-21,put,440.0,2026-03-31T04:00:00Z,73.3,73.3,73.1,73.1,10,2,73.2
2026-03-31,MSFT260821C00580000,2026-08-21,call,580.0,2026-03-31T04:00:00Z,0.58,0.72,0.58,0.72,23,5,0.592174
2026-03-31,MSFT260918C00240000,2026-09-18,call,240.0,2026-03-31T04:00:00Z,135.97,135.97,135.97,135.97,1,1,135.97
2026-03-31,MSFT260918C00265000,2026-09-18,call,265.0,2026-03-31T04:00:00Z,115.05,115.05,115.05,115.05,1,1,115.05
2026-03-31,MSFT260821C00650000,2026-08-21,call,650.0,2026-03-31T04:00:00Z,0.28,0.28,0.28,0.28,1,1,0.28
2026-03-31,MSFT260821P00290000,2026-08-21,put,290.0,2026-03-31T04:00:00Z,6.92,6.92,5.85,5.85,39,8,6.043846
2026-03-31,MSFT260821C00800000,2026-08-21,call,800.0,2026-03-31T04:00:00Z,0.04,0.06,0.04,0.06,2,2,0.05
2026-03-31,MSFT260821P00235000,2026-08-21,put,235.0,2026-03-31T04:00:00Z,1.85,1.85,1.85,1.85,2,1,1.85
2026-03-31,MSFT260821P00245000,2026-08-21,put,245.0,2026-03-31T04:00:00Z,1.9,1.95,1.9,1.95,78,4,1.924359
2026-03-31,MSFT260821P00480000,2026-08-21,put,480.0,2026-03-31T04:00:00Z,115.06,115.06,115.06,115.06,1,1,115.06
2026-03-31,MSFT260918C00590000,2026-09-18,call,590.0,2026-03-31T04:00:00Z,0.85,0.85,0.83,0.83,23,2,0.834348
2026-03-31,MSFT260918C00760000,2026-09-18,call,760.0,2026-03-31T04:00:00Z,0.1,0.1,0.1,0.1,249,14,0.1
2026-03-31,MSFT260918P00370000,2026-09-18,put,370.0,2026-03-31T04:00:00Z,32.04,33.35,29.55,30.1,480,216,32.259167
2026-03-31,MSFT260918P00500000,2026-09-18,put,500.0,2026-03-31T04:00:00Z,132.95,132.95,128.45,128.45,75,15,130.4824
2026-03-31,MSFT260918P00510000,2026-09-18,put,510.0,2026-03-31T04:00:00Z,145.32,145.32,145.32,145.32,18,1,145.32
2026-03-31,MSFT260918C00800000,2026-09-18,call,800.0,2026-03-31T04:00:00Z,0.1,0.1,0.1,0.1,1,1,0.1
2026-03-31,MSFT260918P00480000,2026-09-18,put,480.0,2026-03-31T04:00:00Z,114,114,110.8,110.98,47,4,111.046383
2026-03-31,MSFT260918C00430000,2026-09-18,call,430.0,2026-03-31T04:00:00Z,11.79,13.25,11.15,13.25,262,86,11.991718
2026-03-31,MSFT260918P00250000,2026-09-18,put,250.0,2026-03-31T04:00:00Z,3.1,3.5,2.85,2.85,55,14,2.996727
2026-03-31,MSFT260918P00410000,2026-09-18,put,410.0,2026-03-31T04:00:00Z,56.26,56.59,53.69,53.69,1203,67,55.697174
2026-03-31,MSFT260918C00410000,2026-09-18,call,410.0,2026-03-31T04:00:00Z,17.6,19,16.25,19,646,248,17.39404
2026-03-31,MSFT260918C00420000,2026-09-18,call,420.0,2026-03-31T04:00:00Z,14.55,15.7,13.35,15.65,832,260,14.620132
2026-03-31,MSFT260918C00680000,2026-09-18,call,680.0,2026-03-31T04:00:00Z,0.29,0.31,0.26,0.31,8,3,0.30125
2026-03-31,MSFT260918P00280000,2026-09-18,put,280.0,2026-03-31T04:00:00Z,6.71,6.71,5.6,5.61,26,7,5.876154
2026-03-31,MSFT260918P00285000,2026-09-18,put,285.0,2026-03-31T04:00:00Z,7.42,7.42,6.34,6.34,153,16,7.094575
2026-03-31,MSFT260918P00300000,2026-09-18,put,300.0,2026-03-31T04:00:00Z,9.7,10.3,8.5,8.6,622,83,8.987219
2026-03-31,MSFT260918P00400000,2026-09-18,put,400.0,2026-03-31T04:00:00Z,49.46,50.5,46.35,46.4,1219,75,49.074463
2026-03-31,MSFT260918C00400000,2026-09-18,call,400.0,2026-03-31T04:00:00Z,20.8,22.79,19.5,22,868,120,21.162984
2026-03-31,MSFT260918C00670000,2026-09-18,call,670.0,2026-03-31T04:00:00Z,0.27,0.27,0.27,0.27,1,1,0.27
2026-03-31,MSFT260918P00245000,2026-09-18,put,245.0,2026-03-31T04:00:00Z,2.69,2.69,2.66,2.66,65,5,2.680308
2026-03-31,MSFT260918P00330000,2026-09-18,put,330.0,2026-03-31T04:00:00Z,17,17.75,15.02,15.02,209,46,16.049569
2026-03-31,MSFT260918P00360000,2026-09-18,put,360.0,2026-03-31T04:00:00Z,28.51,28.64,24.95,24.95,158,60,26.17538
2026-03-31,MSFT260918C00380000,2026-09-18,call,380.0,2026-03-31T04:00:00Z,28.89,31.13,27.45,31.13,562,363,28.639786
2026-03-31,MSFT260918C00450000,2026-09-18,call,450.0,2026-03-31T04:00:00Z,7.95,8.82,7.36,8.55,447,171,8.437092
2026-03-31,MSFT260918C00490000,2026-09-18,call,490.0,2026-03-31T04:00:00Z,3.64,4.01,3.5,4.01,18,10,3.766111
2026-03-31,MSFT260918C00530000,2026-09-18,call,530.0,2026-03-31T04:00:00Z,1.89,1.98,1.78,1.95,216,26,1.935417
2026-03-31,MSFT260918C00780000,2026-09-18,call,780.0,2026-03-31T04:00:00Z,0.1,0.1,0.1,0.1,1,1,0.1
2026-03-31,MSFT260918P00260000,2026-09-18,put,260.0,2026-03-31T04:00:00Z,4.5,4.5,3.6,3.65,13,4,3.815385
2026-03-31,MSFT260918P00320000,2026-09-18,put,320.0,2026-03-31T04:00:00Z,14.42,14.9,12.54,12.8,125,54,13.4704
2026-03-31,MSFT260918P00440000,2026-09-18,put,440.0,2026-03-31T04:00:00Z,78.2,80.58,74.5,74.6,29,10,75.028276
2026-03-31,MSFT260918C00510000,2026-09-18,call,510.0,2026-03-31T04:00:00Z,2.6,2.84,2.6,2.8,86,72,2.75
2026-03-31,MSFT260918C00520000,2026-09-18,call,520.0,2026-03-31T04:00:00Z,2.1,2.35,2.1,2.27,123,26,2.229512
2026-03-31,MSFT260918P00215000,2026-09-18,put,215.0,2026-03-31T04:00:00Z,1.39,1.39,1.25,1.25,46,10,1.301957
2026-03-31,MSFT260918P00275000,2026-09-18,put,275.0,2026-03-31T04:00:00Z,6.26,6.26,5.05,5.2,63,14,5.140635
2026-03-31,MSFT260918P00350000,2026-09-18,put,350.0,2026-03-31T04:00:00Z,24.2,24.6,21.35,21.46,154,38,22.239091
2026-03-31,MSFT260918P00490000,2026-09-18,put,490.0,2026-03-31T04:00:00Z,120.31,120.31,120.31,120.31,8,1,120.31
2026-03-31,MSFT260918P00610000,2026-09-18,put,610.0,2026-03-31T04:00:00Z,245.85,245.85,245.85,245.85,1,1,245.85
2026-03-31,MSFT260918C00360000,2026-09-18,call,360.0,2026-03-31T04:00:00Z,38.37,41.77,36.95,41.77,135,68,39.537407
2026-03-31,MSFT260918C00440000,2026-09-18,call,440.0,2026-03-31T04:00:00Z,9.6,10.8,9.18,10.8,246,72,10.191911
2026-03-31,MSFT260918C00570000,2026-09-18,call,570.0,2026-03-31T04:00:00Z,1.07,1.09,1.07,1.09,4,2,1.075
2026-03-31,MSFT260918P00470000,2026-09-18,put,470.0,2026-03-31T04:00:00Z,106,106,103.6,103.6,12,5,105.716667
2026-03-31,MSFT260918C00460000,2026-09-18,call,460.0,2026-03-31T04:00:00Z,6.85,7.2,6.18,7.08,177,64,6.546723
2026-03-31,MSFT260918P00220000,2026-09-18,put,220.0,2026-03-31T04:00:00Z,1.37,1.37,1.37,1.37,1,1,1.37
2026-03-31,MSFT260918C00350000,2026-09-18,call,350.0,2026-03-31T04:00:00Z,46.14,47.1,43.4,47.1,13,12,45.142308
2026-03-31,MSFT260918C00390000,2026-09-18,call,390.0,2026-03-31T04:00:00Z,24.8,27,23.46,26.25,270,167,24.898481
2026-03-31,MSFT260918C00500000,2026-09-18,call,500.0,2026-03-31T04:00:00Z,3.1,3.35,2.86,3.28,386,102,3.123679
2026-03-31,MSFT260918C00540000,2026-09-18,call,540.0,2026-03-31T04:00:00Z,1.51,1.72,1.51,1.72,73,12,1.65863
2026-03-31,MSFT260918C00600000,2026-09-18,call,600.0,2026-03-31T04:00:00Z,0.7,0.84,0.63,0.84,38,7,0.722368
2026-03-31,MSFT260918C00630000,2026-09-18,call,630.0,2026-03-31T04:00:00Z,0.53,0.53,0.49,0.49,3,2,0.503333
2026-03-31,MSFT260918C00720000,2026-09-18,call,720.0,2026-03-31T04:00:00Z,0.3,0.3,0.3,0.3,14,1,0.3
2026-03-31,MSFT260918P00295000,2026-09-18,put,295.0,2026-03-31T04:00:00Z,7.85,7.85,7.84,7.84,10,3,7.845
2026-03-31,MSFT260918C00370000,2026-09-18,call,370.0,2026-03-31T04:00:00Z,33.95,36.6,32.45,35.7,111,64,34.585045
2026-03-31,MSFT260918C00480000,2026-09-18,call,480.0,2026-03-31T04:00:00Z,4.45,4.85,4.17,4.75,107,34,4.465701
2026-03-31,MSFT260918P00290000,2026-09-18,put,290.0,2026-03-31T04:00:00Z,8.05,8.05,6.9,7.1,56,12,7.14125
2026-03-31,MSFT260918P00420000,2026-09-18,put,420.0,2026-03-31T04:00:00Z,62.73,65.85,60.4,60.4,5,4,62.636
2026-03-31,MSFT260918C00470000,2026-09-18,call,470.0,2026-03-31T04:00:00Z,5.5,5.96,5.06,5.7,938,146,5.756684
2026-03-31,MSFT260918C00620000,2026-09-18,call,620.0,2026-03-31T04:00:00Z,0.61,0.61,0.6,0.6,18,2,0.601111
2026-03-31,MSFT260918C00650000,2026-09-18,call,650.0,2026-03-31T04:00:00Z,0.25,0.41,0.25,0.41,70,7,0.361429
2026-03-31,MSFT260918C00560000,2026-09-18,call,560.0,2026-03-31T04:00:00Z,1.21,1.31,1.11,1.23,67,65,1.256418
2026-03-31,MSFT260918P00265000,2026-09-18,put,265.0,2026-03-31T04:00:00Z,4.77,4.77,4.05,4.1,13,3,4.235385
2026-03-31,MSFT260918P00390000,2026-09-18,put,390.0,2026-03-31T04:00:00Z,43.96,44.3,42.68,44.3,1234,74,42.922488
2026-03-31,MSFT260918P00430000,2026-09-18,put,430.0,2026-03-31T04:00:00Z,72.32,72.32,66.35,66.35,33,8,72.03
2026-03-31,MSFT260918P00450000,2026-09-18,put,450.0,2026-03-31T04:00:00Z,87.52,87.52,86.55,86.55,4,3,86.905
2026-03-31,MSFT260918C00610000,2026-09-18,call,610.0,2026-03-31T04:00:00Z,0.61,0.68,0.61,0.68,2,2,0.645
2026-03-31,MSFT260918P00340000,2026-09-18,put,340.0,2026-03-31T04:00:00Z,20.05,20.86,18.05,18.05,336,66,19.569673
2026-03-31,MSFT260918P00380000,2026-09-18,put,380.0,2026-03-31T04:00:00Z,38.56,38.6,34.05,35.16,1500,117,37.089927
2026-03-31,MSFT260918P00560000,2026-09-18,put,560.0,2026-03-31T04:00:00Z,195.59,195.6,195.59,195.6,3,3,195.593333
2026-03-31,MSFT260918C00550000,2026-09-18,call,550.0,2026-03-31T04:00:00Z,1.34,1.53,1.26,1.45,41,22,1.420488
2026-03-31,MSFT260918P00270000,2026-09-18,put,270.0,2026-03-31T04:00:00Z,5.41,5.62,4.55,4.55,403,36,5.163524
2026-03-31,MSFT260918P00310000,2026-09-18,put,310.0,2026-03-31T04:00:00Z,11.85,12.4,10.3,10.3,176,38,10.674034
2026-03-31,MSFT260918C00580000,2026-09-18,call,580.0,2026-03-31T04:00:00Z,0.96,0.98,0.89,0.9,13,4,0.951538
2026-03-31,MSFT261016C00580000,2026-10-16,call,580.0,2026-03-31T04:00:00Z,1.23,1.23,1.23,1.23,1,1,1.23
2026-03-31,MSFT261016P00355000,2026-10-16,put,355.0,2026-03-31T04:00:00Z,27.9,27.9,27.85,27.85,6,4,27.875
2026-03-31,MSFT261016P00380000,2026-10-16,put,380.0,2026-03-31T04:00:00Z,40.23,40.44,37.01,37.01,122,10,39.375902
2026-03-31,MSFT261016P00325000,2026-10-16,put,325.0,2026-03-31T04:00:00Z,15.95,15.95,15.95,15.95,1,1,15.95
2026-03-31,MSFT261016C00395000,2026-10-16,call,395.0,2026-03-31T04:00:00Z,26,26,24.69,24.69,3,2,25.563333
2026-03-31,MSFT261016C00400000,2026-10-16,call,400.0,2026-03-31T04:00:00Z,23.5,25.45,22.94,25.45,132,24,24.734167
2026-03-31,MSFT261016C00420000,2026-10-16,call,420.0,2026-03-31T04:00:00Z,16.85,18.25,16.2,18.25,158,60,17.291266
2026-03-31,MSFT261016C00485000,2026-10-16,call,485.0,2026-03-31T04:00:00Z,5.4,5.62,5.4,5.62,2,2,5.51
2026-03-31,MSFT261016P00210000,2026-10-16,put,210.0,2026-03-31T04:00:00Z,1.68,1.68,1.32,1.35,11,6,1.464545
2026-03-31,MSFT261016P00400000,2026-10-16,put,400.0,2026-03-31T04:00:00Z,50.73,52.26,47.28,47.29,18,4,50.432222
2026-03-31,MSFT261016C00350000,2026-10-16,call,350.0,2026-03-31T04:00:00Z,47.85,48.02,46.25,48.02,19,11,46.903684
2026-03-31,MSFT261016P00220000,2026-10-16,put,220.0,2026-03-31T04:00:00Z,1.92,1.92,1.73,1.73,3,2,1.793333
2026-03-31,MSFT261016P00240000,2026-10-16,put,240.0,2026-03-31T04:00:00Z,2.91,2.91,2.7,2.7,45,7,2.888
2026-03-31,MSFT261016P00300000,2026-10-16,put,300.0,2026-03-31T04:00:00Z,11.09,11.09,10.1,10.15,15,7,10.365333
2026-03-31,MSFT261016P00350000,2026-10-16,put,350.0,2026-03-31T04:00:00Z,25.22,26.04,23.15,23.15,36,9,25.8
2026-03-31,MSFT261016P00360000,2026-10-16,put,360.0,2026-03-31T04:00:00Z,29.8,30.05,26.86,26.86,36,7,27.34
2026-03-31,MSFT261016C00315000,2026-10-16,call,315.0,2026-03-31T04:00:00Z,74.75,74.75,74.75,74.75,15,1,74.75
2026-03-31,MSFT261016C00355000,2026-10-16,call,355.0,2026-03-31T04:00:00Z,45.55,46.5,43.3,46.5,20,17,43.735
2026-03-31,MSFT261016C00390000,2026-10-16,call,390.0,2026-03-31T04:00:00Z,27.92,29.4,26.1,29.32,22,9,28.288636
2026-03-31,MSFT261016P00280000,2026-10-16,put,280.0,2026-03-31T04:00:00Z,7.25,7.25,6.75,6.75,2,2,7
2026-03-31,MSFT261016P00290000,2026-10-16,put,290.0,2026-03-31T04:00:00Z,8.37,8.37,7.88,7.88,4,4,8.095
2026-03-31,MSFT261016P00430000,2026-10-16,put,430.0,2026-03-31T04:00:00Z,73.48,73.48,73.48,73.48,28,4,73.48
2026-03-31,MSFT261016C00320000,2026-10-16,call,320.0,2026-03-31T04:00:00Z,68.25,68.25,68.25,68.25,1,1,68.25
2026-03-31,MSFT261016C00370000,2026-10-16,call,370.0,2026-03-31T04:00:00Z,37.9,39.8,35.25,39.33,35,18,37.948571
2026-03-31,MSFT261016C00470000,2026-10-16,call,470.0,2026-03-31T04:00:00Z,6.95,7.4,6.55,7.4,59,16,7.212712
2026-03-31,MSFT261016C00495000,2026-10-16,call,495.0,2026-03-31T04:00:00Z,4.55,4.75,4.2,4.75,9,7,4.411111
2026-03-31,MSFT261016P00390000,2026-10-16,put,390.0,2026-03-31T04:00:00Z,45.32,45.32,42.06,42.06,4,3,42.9725
2026-03-31,MSFT261016C00500000,2026-10-16,call,500.0,2026-03-31T04:00:00Z,4.14,4.4,3.85,4.4,48,14,4.080208
2026-03-31,MSFT261016P00450000,2026-10-16,put,450.0,2026-03-31T04:00:00Z,88.47,88.47,88.47,88.47,1,1,88.47
2026-03-31,MSFT261016C00410000,2026-10-16,call,410.0,2026-03-31T04:00:00Z,20.75,21.85,19.05,21.85,157,17,20.503121
2026-03-31,MSFT261016C00430000,2026-10-16,call,430.0,2026-03-31T04:00:00Z,14.55,15.3,14.55,15.3,11,4,14.990909
2026-03-31,MSFT261016C00520000,2026-10-16,call,520.0,2026-03-31T04:00:00Z,2.71,3.1,2.71,3.1,23,2,2.845652
2026-03-31,MSFT261016P00295000,2026-10-16,put,295.0,2026-03-31T04:00:00Z,9.95,10.21,8.88,8.89,48,14,9.172292
2026-03-31,MSFT261016C00480000,2026-10-16,call,480.0,2026-03-31T04:00:00Z,6,6.03,6,6.03,5,2,6.018
2026-03-31,MSFT261016C00600000,2026-10-16,call,600.0,2026-03-31T04:00:00Z,0.95,0.95,0.79,0.79,11,7,0.894545
2026-03-31,MSFT261016P00250000,2026-10-16,put,250.0,2026-03-31T04:00:00Z,3.5,3.5,3.49,3.5,31,5,3.495161
2026-03-31,MSFT261016P00340000,2026-10-16,put,340.0,2026-03-31T04:00:00Z,22.2,22.2,21.66,21.66,4,4,21.82
2026-03-31,MSFT261016P00410000,2026-10-16,put,410.0,2026-03-31T04:00:00Z,57.52,57.52,55.15,55.15,11,5,55.438182
2026-03-31,MSFT261016P00305000,2026-10-16,put,305.0,2026-03-31T04:00:00Z,12.15,12.15,10.79,10.85,37,5,11.014865
2026-03-31,MSFT261016C00365000,2026-10-16,call,365.0,2026-03-31T04:00:00Z,39.38,40.24,37.97,39.45,20,8,38.403
2026-03-31,MSFT261016C00405000,2026-10-16,call,405.0,2026-03-31T04:00:00Z,22.25,22.25,22.25,22.25,2,1,22.25
2026-03-31,MSFT261016C00435000,2026-10-16,call,435.0,2026-03-31T04:00:00Z,13.7,13.7,12,13.51,7,7,12.89
2026-03-31,MSFT261016P00270000,2026-10-16,put,270.0,2026-03-31T04:00:00Z,6.27,6.27,5.5,5.5,2,2,5.885
2026-03-31,MSFT261016C00380000,2026-10-16,call,380.0,2026-03-31T04:00:00Z,32,34.5,30.65,34.28,21,11,32.770476
2026-03-31,MSFT261016C00415000,2026-10-16,call,415.0,2026-03-31T04:00:00Z,18.77,18.77,17.48,18.75,3,3,18.333333
2026-03-31,MSFT261016C00440000,2026-10-16,call,440.0,2026-03-31T04:00:00Z,12.15,12.67,11.4,12.67,84,10,12.534643
2026-03-31,MSFT261016C00460000,2026-10-16,call,460.0,2026-03-31T04:00:00Z,8.55,8.9,7.8,8.68,21,11,8.611429
2026-03-31,MSFT261016C00560000,2026-10-16,call,560.0,2026-03-31T04:00:00Z,1.6,1.65,1.6,1.65,2,2,1.625
2026-03-31,MSFT261016P00320000,2026-10-16,put,320.0,2026-03-31T04:00:00Z,14.55,14.55,13.92,13.92,14,4,14.075
2026-03-31,MSFT261016P00370000,2026-10-16,put,370.0,2026-03-31T04:00:00Z,34.75,34.75,31.89,31.9,131,11,32.104656
2026-03-31,MSFT261016C00360000,2026-10-16,call,360.0,2026-03-31T04:00:00Z,42,44,40.6,44,30,16,41.835667
2026-03-31,MSFT261016C00455000,2026-10-16,call,455.0,2026-03-31T04:00:00Z,9.2,9.42,8.7,9.42,30,18,9.145667
2026-03-31,MSFT261016C00540000,2026-10-16,call,540.0,2026-03-31T04:00:00Z,2.09,2.21,2.05,2.21,35,6,2.084571
2026-03-31,MSFT261016C00425000,2026-10-16,call,425.0,2026-03-31T04:00:00Z,15.77,15.77,14.75,14.75,10,4,15.066
2026-03-31,MSFT261016P00330000,2026-10-16,put,330.0,2026-03-31T04:00:00Z,18.46,18.46,16.55,16.55,4,3,17.4025
2026-03-31,MSFT261016P00420000,2026-10-16,put,420.0,2026-03-31T04:00:00Z,60.91,60.91,60.91,60.91,1,1,60.91
2026-03-31,MSFT261016C00445000,2026-10-16,call,445.0,2026-03-31T04:00:00Z,11.2,11.8,10.3,11.75,10,8,11.21
2026-03-31,MSFT261016C00385000,2026-10-16,call,385.0,2026-03-31T04:00:00Z,28.79,28.79,28.79,28.79,1,1,28.79
2026-03-31,MSFT261016P00315000,2026-10-16,put,315.0,2026-03-31T04:00:00Z,14.2,14.2,12.75,12.75,89,12,13.59382
2026-03-31,MSFT261016P00365000,2026-10-16,put,365.0,2026-03-31T04:00:00Z,31.98,31.98,29.89,29.89,5,4,30.602
2026-03-31,MSFT261016P00395000,2026-10-16,put,395.0,2026-03-31T04:00:00Z,47.81,48.66,45.25,45.25,18,5,48.339444
2026-03-31,MSFT261016C00345000,2026-10-16,call,345.0,2026-03-31T04:00:00Z,51.23,51.23,51.23,51.23,1,1,51.23
2026-03-31,MSFT261016C00375000,2026-10-16,call,375.0,2026-03-31T04:00:00Z,34.95,36.68,34.65,36,14,10,35.787857
2026-03-31,MSFT261016C00450000,2026-10-16,call,450.0,2026-03-31T04:00:00Z,10.15,10.7,9.35,10.7,54,20,10.142037
2026-03-31,MSFT261016C00475000,2026-10-16,call,475.0,2026-03-31T04:00:00Z,6.3,6.4,6.3,6.4,2,2,6.35
2026-03-31,MSFT261120C00405000,2026-11-20,call,405.0,2026-03-31T04:00:00Z,26.15,27.3,26.15,27.3,2,2,26.725
2026-03-31,MSFT261120C00440000,2026-11-20,call,440.0,2026-03-31T04:00:00Z,15.09,16.3,14.32,16.3,24,14,15.702083
2026-03-31,MSFT261120C00420000,2026-11-20,call,420.0,2026-03-31T04:00:00Z,20.6,22.16,19.4,21.6,43,17,21.365116
2026-03-31,MSFT261120C00425000,2026-11-20,call,425.0,2026-03-31T04:00:00Z,19,20.5,18.8,20.45,155,13,19.518194
2026-03-31,MSFT261016P00500000,2026-10-16,put,500.0,2026-03-31T04:00:00Z,131.51,131.51,131.51,131.51,1,1,131.51
2026-03-31,MSFT261016P00520000,2026-10-16,put,520.0,2026-03-31T04:00:00Z,151.2,151.2,151.09,151.09,3,3,151.163333
2026-03-31,MSFT261120C00290000,2026-11-20,call,290.0,2026-03-31T04:00:00Z,92.3,92.3,92.3,92.3,1,1,92.3
2026-03-31,MSFT261120C00350000,2026-11-20,call,350.0,2026-03-31T04:00:00Z,52.15,54.3,50.77,54.3,24,14,53.262917
2026-03-31,MSFT261120C00310000,2026-11-20,call,310.0,2026-03-31T04:00:00Z,79,79,79,79,2,2,79
2026-03-31,MSFT261120C00415000,2026-11-20,call,415.0,2026-03-31T04:00:00Z,22.7,22.7,22.7,22.7,1,1,22.7
2026-03-31,MSFT261120C00370000,2026-11-20,call,370.0,2026-03-31T04:00:00Z,40.9,43.17,39.3,43.17,85,20,41.258706
2026-03-31,MSFT261120C00455000,2026-11-20,call,455.0,2026-03-31T04:00:00Z,12.1,12.36,11.4,12.36,28,13,11.996429
2026-03-31,MSFT261120C00470000,2026-11-20,call,470.0,2026-03-31T04:00:00Z,9.65,10.2,9.25,10.15,49,11,9.981633
2026-03-31,MSFT261120C00485000,2026-11-20,call,485.0,2026-03-31T04:00:00Z,7.38,7.88,7.38,7.87,18,8,7.793889
2026-03-31,MSFT261120C00525000,2026-11-20,call,525.0,2026-03-31T04:00:00Z,4.25,4.25,4.21,4.21,2,2,4.23
2026-03-31,MSFT261120C00590000,2026-11-20,call,590.0,2026-03-31T04:00:00Z,1.66,1.66,1.66,1.66,1,1,1.66
2026-03-31,MSFT261120C00360000,2026-11-20,call,360.0,2026-03-31T04:00:00Z,44.76,47.38,44.59,47.38,4,4,46.0275
2026-03-31,MSFT261120C00460000,2026-11-20,call,460.0,2026-03-31T04:00:00Z,11.15,11.85,10.75,11.85,55,29,11.299273
2026-03-31,MSFT261120C00480000,2026-11-20,call,480.0,2026-03-31T04:00:00Z,8.45,8.6,8.4,8.6,42,4,8.527381
2026-03-31,MSFT261120C00530000,2026-11-20,call,530.0,2026-03-31T04:00:00Z,3.7,3.9,3.7,3.9,2,2,3.8
2026-03-31,MSFT261120C00610000,2026-11-20,call,610.0,2026-03-31T04:00:00Z,1.23,1.23,1.23,1.23,1,1,1.23
2026-03-31,MSFT261016P00460000,2026-10-16,put,460.0,2026-03-31T04:00:00Z,98,98,98,98,20,1,98
2026-03-31,MSFT261016P00465000,2026-10-16,put,465.0,2026-03-31T04:00:00Z,98.27,98.27,98.27,98.27,1,1,98.27
2026-03-31,MSFT261120C00365000,2026-11-20,call,365.0,2026-03-31T04:00:00Z,43.6,43.95,42,43.95,12,11,43.254167
2026-03-31,MSFT261120C00430000,2026-11-20,call,430.0,2026-03-31T04:00:00Z,18.85,18.98,18.7,18.7,9,3,18.872222
2026-03-31,MSFT261120C00520000,2026-11-20,call,520.0,2026-03-31T04:00:00Z,4.29,4.7,4.29,4.7,2,2,4.495
2026-03-31,MSFT261120C00600000,2026-11-20,call,600.0,2026-03-31T04:00:00Z,1.44,1.53,1.44,1.53,35,2,1.501714
2026-03-31,MSFT261120C00380000,2026-11-20,call,380.0,2026-03-31T04:00:00Z,36.32,37.6,35.93,37,4,4,36.7125
2026-03-31,MSFT261120C00400000,2026-11-20,call,400.0,2026-03-31T04:00:00Z,27.5,29.4,26.35,29.4,217,49,27.832166
2026-03-31,MSFT261016P00540000,2026-10-16,put,540.0,2026-03-31T04:00:00Z,170.2,170.2,170.2,170.2,7,1,170.2
2026-03-31,MSFT261120C00355000,2026-11-20,call,355.0,2026-03-31T04:00:00Z,49.05,50.15,49.05,50.15,27,5,49.785185
2026-03-31,MSFT261120C00375000,2026-11-20,call,375.0,2026-03-31T04:00:00Z,38.7,40.65,38.4,40.65,18,9,39.372778
2026-03-31,MSFT261120C00450000,2026-11-20,call,450.0,2026-03-31T04:00:00Z,12.35,14.05,12.35,13.65,40,21,13.307
2026-03-31,MSFT261120C00475000,2026-11-20,call,475.0,2026-03-31T04:00:00Z,8.65,9.35,8.65,9.35,23,12,9.12913
2026-03-31,MSFT261120C00500000,2026-11-20,call,500.0,2026-03-31T04:00:00Z,5.9,6.27,5.66,6.27,35,13,6.021143
2026-03-31,MSFT261016P00560000,2026-10-16,put,560.0,2026-03-31T04:00:00Z,193,193,193,193,2,1,193
2026-03-31,MSFT261120C00305000,2026-11-20,call,305.0,2026-03-31T04:00:00Z,82.39,82.39,82.39,82.39,1,1,82.39
2026-03-31,MSFT261120C00390000,2026-11-20,call,390.0,2026-03-31T04:00:00Z,31.62,33,31.62,33,9,4,32.098889
2026-03-31,MSFT261120C00510000,2026-11-20,call,510.0,2026-03-31T04:00:00Z,4.88,5.3,4.88,5.3,8,4,5.03
2026-03-31,MSFT261120C00540000,2026-11-20,call,540.0,2026-03-31T04:00:00Z,3.3,3.35,3.3,3.35,2,2,3.325
2026-03-31,MSFT261120C00550000,2026-11-20,call,550.0,2026-03-31T04:00:00Z,2.9,2.96,2.9,2.96,5,2,2.924
2026-03-31,MSFT261120C00560000,2026-11-20,call,560.0,2026-03-31T04:00:00Z,2.43,2.46,2.43,2.46,4,3,2.4525
2026-03-31,MSFT261120C00565000,2026-11-20,call,565.0,2026-03-31T04:00:00Z,2.2,2.2,2.2,2.2,8,1,2.2
2026-03-31,MSFT261120C00330000,2026-11-20,call,330.0,2026-03-31T04:00:00Z,62.15,62.15,62.15,62.15,1,1,62.15
2026-03-31,MSFT261120C00395000,2026-11-20,call,395.0,2026-03-31T04:00:00Z,29.98,30.8,29.89,30.8,36,9,30.110556
2026-03-31,MSFT261120C00570000,2026-11-20,call,570.0,2026-03-31T04:00:00Z,2.21,2.21,2.21,2.21,1,1,2.21
2026-03-31,MSFT261120C00605000,2026-11-20,call,605.0,2026-03-31T04:00:00Z,1.43,1.43,1.43,1.43,20,1,1.43
2026-03-31,MSFT261120C00410000,2026-11-20,call,410.0,2026-03-31T04:00:00Z,24.25,25.47,24.25,25.47,18,8,24.451111
2026-03-31,MSFT261120C00435000,2026-11-20,call,435.0,2026-03-31T04:00:00Z,16.56,17.38,15.93,17.38,11,7,16.286364
2026-03-31,MSFT261120C00465000,2026-11-20,call,465.0,2026-03-31T04:00:00Z,9.97,10.7,9.55,10.7,85,19,10.396941
2026-03-31,MSFT261120C00640000,2026-11-20,call,640.0,2026-03-31T04:00:00Z,0.89,0.89,0.82,0.82,8,2,0.855
2026-03-31,MSFT261120C00700000,2026-11-20,call,700.0,2026-03-31T04:00:00Z,0.45,0.45,0.45,0.45,2,1,0.45
2026-03-31,MSFT261120P00235000,2026-11-20,put,235.0,2026-03-31T04:00:00Z,3.2,3.21,3.2,3.21,20,4,3.2025
2026-03-31,MSFT261120P00275000,2026-11-20,put,275.0,2026-03-31T04:00:00Z,8.25,8.33,7.25,7.25,24,6,7.461667
2026-03-31,MSFT261120P00365000,2026-11-20,put,365.0,2026-03-31T04:00:00Z,32.65,32.65,32.65,32.65,1,1,32.65
2026-03-31,MSFT261120P00290000,2026-11-20,put,290.0,2026-03-31T04:00:00Z,9.68,9.68,9.68,9.68,10,1,9.68
2026-03-31,MSFT261120P00390000,2026-11-20,put,390.0,2026-03-31T04:00:00Z,47.58,47.58,47.58,47.58,1,1,47.58
2026-03-31,MSFT261120P00410000,2026-11-20,put,410.0,2026-03-31T04:00:00Z,61.32,61.32,61.32,61.32,6,1,61.32
2026-03-31,MSFT261120P00425000,2026-11-20,put,425.0,2026-03-31T04:00:00Z,72.07,72.07,72.07,72.07,3,1,72.07
2026-03-31,MSFT261120P00450000,2026-11-20,put,450.0,2026-03-31T04:00:00Z,87.39,87.39,87.39,87.39,6,1,87.39
2026-03-31,MSFT261120C00665000,2026-11-20,call,665.0,2026-03-31T04:00:00Z,0.69,0.69,0.69,0.69,1,1,0.69
2026-03-31,MSFT261120P00210000,2026-11-20,put,210.0,2026-03-31T04:00:00Z,2,2,1.8,1.8,5,3,1.84
2026-03-31,MSFT261120P00295000,2026-11-20,put,295.0,2026-03-31T04:00:00Z,11.8,11.8,10.45,10.45,3,3,10.9
2026-03-31,MSFT261120P00330000,2026-11-20,put,330.0,2026-03-31T04:00:00Z,20.7,20.7,18.95,19,136,16,20.330882
2026-03-31,MSFT261120P00375000,2026-11-20,put,375.0,2026-03-31T04:00:00Z,37.68,37.68,37.53,37.53,6,2,37.63
2026-03-31,MSFT261120P00385000,2026-11-20,put,385.0,2026-03-31T04:00:00Z,45.56,45.56,45.56,45.56,20,1,45.56
2026-03-31,MSFT261120P00415000,2026-11-20,put,415.0,2026-03-31T04:00:00Z,61.14,61.14,61.14,61.14,1,1,61.14
2026-03-31,MSFT261120P00340000,2026-11-20,put,340.0,2026-03-31T04:00:00Z,24.31,24.31,22.15,22.2,41,14,22.692439
2026-03-31,MSFT261120P00350000,2026-11-20,put,350.0,2026-03-31T04:00:00Z,28.58,28.58,25.8,26,34,14,25.977353
2026-03-31,MSFT261120P00430000,2026-11-20,put,430.0,2026-03-31T04:00:00Z,74.2,74.2,70.32,70.32,8,3,71.7875
2026-03-31,MSFT261120C00630000,2026-11-20,call,630.0,2026-03-31T04:00:00Z,1.07,1.07,1.07,1.07,1,1,1.07
2026-03-31,MSFT261120P00280000,2026-11-20,put,280.0,2026-03-31T04:00:00Z,9.09,9.09,9.09,9.09,5,1,9.09
2026-03-31,MSFT261120P00285000,2026-11-20,put,285.0,2026-03-31T04:00:00Z,9.85,9.85,9.85,9.85,4,4,9.85
2026-03-31,MSFT261120P00335000,2026-11-20,put,335.0,2026-03-31T04:00:00Z,22.57,22.57,20.5,20.55,4,4,21.0425
2026-03-31,MSFT261120P00360000,2026-11-20,put,360.0,2026-03-31T04:00:00Z,32.8,33.23,29.67,30.42,11,7,30.681818
2026-03-31,MSFT261120P00380000,2026-11-20,put,380.0,2026-03-31T04:00:00Z,40.26,40.26,39.25,39.3,21,6,39.369524
2026-03-31,MSFT261120P00395000,2026-11-20,put,395.0,2026-03-31T04:00:00Z,48.53,48.53,48.53,48.53,1,1,48.53
2026-03-31,MSFT261120P00300000,2026-11-20,put,300.0,2026-03-31T04:00:00Z,12.8,12.8,12,12.05,36,5,12.272222
2026-03-31,MSFT261120P00325000,2026-11-20,put,325.0,2026-03-31T04:00:00Z,19.4,19.4,17.37,17.37,161,25,18.490124
2026-03-31,MSFT261120P00355000,2026-11-20,put,355.0,2026-03-31T04:00:00Z,28.65,28.65,27.8,27.8,160,7,28.075
2026-03-31,MSFT261120P00370000,2026-11-20,put,370.0,2026-03-31T04:00:00Z,37.4,37.4,37.4,37.4,1,1,37.4
2026-03-31,MSFT261120P00435000,2026-11-20,put,435.0,2026-03-31T04:00:00Z,75.27,75.27,75.27,75.27,6,1,75.27
2026-03-31,MSFT261120P00460000,2026-11-20,put,460.0,2026-03-31T04:00:00Z,93.99,93.99,93.99,93.99,1,1,93.99
2026-03-31,MSFT261120P00225000,2026-11-20,put,225.0,2026-03-31T04:00:00Z,2.69,2.69,2.67,2.67,29,10,2.675862
2026-03-31,MSFT261120P00240000,2026-11-20,put,240.0,2026-03-31T04:00:00Z,3.7,3.7,3.56,3.56,24,9,3.671667
2026-03-31,MSFT261120P00310000,2026-11-20,put,310.0,2026-03-31T04:00:00Z,15.25,15.25,14.02,14.02,62,6,14.105806
2026-03-31,MSFT261120P00345000,2026-11-20,put,345.0,2026-03-31T04:00:00Z,24.42,24.42,23.9,23.95,4,4,24.055
2026-03-31,MSFT261120P00400000,2026-11-20,put,400.0,2026-03-31T04:00:00Z,52.5,53.58,52.5,53.58,4,2,52.77
2026-03-31,MSFT261120P00455000,2026-11-20,put,455.0,2026-03-31T04:00:00Z,91.53,91.53,91.53,91.53,6,1,91.53
2026-03-31,MSFT261120P00200000,2026-11-20,put,200.0,2026-03-31T04:00:00Z,1.55,1.55,1.39,1.41,36,6,1.416944
2026-03-31,MSFT261120P00320000,2026-11-20,put,320.0,2026-03-31T04:00:00Z,16.5,16.5,16,16.05,3,3,16.183333
2026-03-31,MSFT261120P00510000,2026-11-20,put,510.0,2026-03-31T04:00:00Z,139,139,139,139,1,1,139
2026-03-31,MSFT261120P00570000,2026-11-20,put,570.0,2026-03-31T04:00:00Z,201.48,201.48,201.48,201.48,1,1,201.48
2026-03-31,MSFT261218C00270000,2026-12-18,call,270.0,2026-03-31T04:00:00Z,111,111,111,111,1,1,111
2026-03-31,MSFT261218C00365000,2026-12-18,call,365.0,2026-03-31T04:00:00Z,45.1,47.95,43.8,47.85,65,24,47.198
2026-03-31,MSFT261218C00535000,2026-12-18,call,535.0,2026-03-31T04:00:00Z,3.9,3.9,3.9,3.9,50,2,3.9
2026-03-31,MSFT261218C00325000,2026-12-18,call,325.0,2026-03-31T04:00:00Z,71.02,71.02,71.02,71.02,1,1,71.02
2026-03-31,MSFT261218C00420000,2026-12-18,call,420.0,2026-03-31T04:00:00Z,22.58,23.92,21.52,23.92,110,26,22.197636
2026-03-31,MSFT261218C00445000,2026-12-18,call,445.0,2026-03-31T04:00:00Z,15.41,16.95,15.41,16.95,2,2,16.18
2026-03-31,MSFT261218C00505000,2026-12-18,call,505.0,2026-03-31T04:00:00Z,6.8,6.86,6.3,6.85,19,6,6.777895
2026-03-31,MSFT261218C00540000,2026-12-18,call,540.0,2026-03-31T04:00:00Z,3.89,4.1,3.89,4.1,3,3,4.03
2026-03-31,MSFT261218C00360000,2026-12-18,call,360.0,2026-03-31T04:00:00Z,47.75,51,46.3,49.79,75,34,48.0372
2026-03-31,MSFT261218C00385000,2026-12-18,call,385.0,2026-03-31T04:00:00Z,35.56,36.25,34.4,34.4,3,3,35.403333
2026-03-31,MSFT261218C00430000,2026-12-18,call,430.0,2026-03-31T04:00:00Z,19.56,20.87,19.1,20.87,14,13,20.037857
2026-03-31,MSFT261218C00550000,2026-12-18,call,550.0,2026-03-31T04:00:00Z,3.5,3.65,3.25,3.55,139,88,3.497914
2026-03-31,MSFT261218C00595000,2026-12-18,call,595.0,2026-03-31T04:00:00Z,1.89,2.02,1.89,2.02,37,7,1.988919
2026-03-31,MSFT261218C00305000,2026-12-18,call,305.0,2026-03-31T04:00:00Z,85.43,85.56,85.43,85.56,2,2,85.495
2026-03-31,MSFT261218C00310000,2026-12-18,call,310.0,2026-03-31T04:00:00Z,77.5,82.5,77.5,82.5,8,4,79.275
2026-03-31,MSFT261218C00320000,2026-12-18,call,320.0,2026-03-31T04:00:00Z,74.2,74.2,70.44,70.64,10,3,71.252
2026-03-31,MSFT261218C00475000,2026-12-18,call,475.0,2026-03-31T04:00:00Z,9.65,10.77,9.53,10.77,31,16,10.02871
2026-03-31,MSFT261218C00490000,2026-12-18,call,490.0,2026-03-31T04:00:00Z,8.15,8.6,7.8,8.6,222,12,7.82527
2026-03-31,MSFT261218C00565000,2026-12-18,call,565.0,2026-03-31T04:00:00Z,2.7,2.93,2.45,2.93,322,322,2.66823
2026-03-31,MSFT261218C00450000,2026-12-18,call,450.0,2026-03-31T04:00:00Z,14.8,15.8,13.85,15.8,187,114,14.590053
2026-03-31,MSFT261218C00495000,2026-12-18,call,495.0,2026-03-31T04:00:00Z,7.35,8,7.18,8,66,14,7.786364
2026-03-31,MSFT261218C00610000,2026-12-18,call,610.0,2026-03-31T04:00:00Z,1.6,1.6,1.6,1.6,1,1,1.6
2026-03-31,MSFT261218C00260000,2026-12-18,call,260.0,2026-03-31T04:00:00Z,123.6,123.6,123.6,123.6,1,1,123.6
2026-03-31,MSFT261218C00435000,2026-12-18,call,435.0,2026-03-31T04:00:00Z,18.5,19.4,17.5,19.4,25,15,18.2748
2026-03-31,MSFT261218C00560000,2026-12-18,call,560.0,2026-03-31T04:00:00Z,3.13,3.19,3,3.05,539,506,3.08449
2026-03-31,MSFT261218C00585000,2026-12-18,call,585.0,2026-03-31T04:00:00Z,2.29,2.3,2.19,2.25,60,60,2.249667
2026-03-31,MSFT261218C00395000,2026-12-18,call,395.0,2026-03-31T04:00:00Z,31.46,33.5,30.28,33.45,14,10,31.832143
2026-03-31,MSFT261218C00440000,2026-12-18,call,440.0,2026-03-31T04:00:00Z,17.25,18.05,16.07,18,64,29,17.306406
2026-03-31,MSFT261218C00520000,2026-12-18,call,520.0,2026-03-31T04:00:00Z,5.2,5.47,4.9,5.47,24,9,5.069583
2026-03-31,MSFT261218C00200000,2026-12-18,call,200.0,2026-03-31T04:00:00Z,173.9,173.9,173.9,173.9,1,1,173.9
2026-03-31,MSFT261218C00425000,2026-12-18,call,425.0,2026-03-31T04:00:00Z,20.7,22.45,19.95,22.35,31,17,21.709032
2026-03-31,MSFT261218C00455000,2026-12-18,call,455.0,2026-03-31T04:00:00Z,14.2,14.45,13,14.45,80,34,13.308125
2026-03-31,MSFT261218C00515000,2026-12-18,call,515.0,2026-03-31T04:00:00Z,5.45,5.91,5.45,5.91,21,9,5.561905
2026-03-31,MSFT261218C00415000,2026-12-18,call,415.0,2026-03-31T04:00:00Z,24.45,25.7,23.41,25.6,32,6,24.772188
2026-03-31,MSFT261218C00330000,2026-12-18,call,330.0,2026-03-31T04:00:00Z,65.35,69.3,64.5,69.3,7,6,65.824286
2026-03-31,MSFT261218C00370000,2026-12-18,call,370.0,2026-03-31T04:00:00Z,42.55,45.81,40.96,44.74,89,50,43.063146
2026-03-31,MSFT261218C00510000,2026-12-18,call,510.0,2026-03-31T04:00:00Z,5.9,6.37,5.85,6.37,52,14,6.270962
2026-03-31,MSFT261218C00355000,2026-12-18,call,355.0,2026-03-31T04:00:00Z,50.3,53.28,50.3,53.28,13,8,51.949231
2026-03-31,MSFT261218C00470000,2026-12-18,call,470.0,2026-03-31T04:00:00Z,11.01,11.36,10.3,11.36,37,17,10.80973
2026-03-31,MSFT261218C00525000,2026-12-18,call,525.0,2026-03-31T04:00:00Z,5,5.2,4.6,5.04,307,32,4.91645
2026-03-31,MSFT261218C00380000,2026-12-18,call,380.0,2026-03-31T04:00:00Z,38.65,40,36.63,39.58,32,20,38.990938
2026-03-31,MSFT261218C00255000,2026-12-18,call,255.0,2026-03-31T04:00:00Z,123,123,123,123,1,1,123
2026-03-31,MSFT261218C00280000,2026-12-18,call,280.0,2026-03-31T04:00:00Z,105.13,105.13,105.13,105.13,1,1,105.13
2026-03-31,MSFT261218C00350000,2026-12-18,call,350.0,2026-03-31T04:00:00Z,53,55.75,52.14,55.75,34,14,54.979412
2026-03-31,MSFT261218C00480000,2026-12-18,call,480.0,2026-03-31T04:00:00Z,9.55,10,8.9,9.96,55,30,9.508909
2026-03-31,MSFT261218C00500000,2026-12-18,call,500.0,2026-03-31T04:00:00Z,6.8,7.4,6.65,7.33,189,62,6.967937
2026-03-31,MSFT261218C00580000,2026-12-18,call,580.0,2026-03-31T04:00:00Z,1.93,2.33,1.93,2.33,2,2,2.13
2026-03-31,MSFT261218C00600000,2026-12-18,call,600.0,2026-03-31T04:00:00Z,1.84,1.88,1.78,1.85,15,5,1.806667
2026-03-31,MSFT261218C00290000,2026-12-18,call,290.0,2026-03-31T04:00:00Z,96.43,96.43,96.43,96.43,6,1,96.43
2026-03-31,MSFT261218C00390000,2026-12-18,call,390.0,2026-03-31T04:00:00Z,33.65,35.58,32.6,35.36,35,23,34.541429
2026-03-31,MSFT261218C00405000,2026-12-18,call,405.0,2026-03-31T04:00:00Z,27,29.75,27,29.75,10,9,28.526
2026-03-31,MSFT261218C00485000,2026-12-18,call,485.0,2026-03-31T04:00:00Z,8.5,9.2,8.45,9.05,10,9,8.746
2026-03-31,MSFT261218C00570000,2026-12-18,call,570.0,2026-03-31T04:00:00Z,2.58,2.74,2.45,2.71,323,323,2.489783
2026-03-31,MSFT261218C00575000,2026-12-18,call,575.0,2026-03-31T04:00:00Z,2.42,2.6,2.34,2.6,118,34,2.488644
2026-03-31,MSFT261218C00605000,2026-12-18,call,605.0,2026-03-31T04:00:00Z,1.72,1.75,1.63,1.75,8,3,1.7125
2026-03-31,MSFT261218C00465000,2026-12-18,call,465.0,2026-03-31T04:00:00Z,12,12.47,11.35,12.47,17,14,11.76
2026-03-31,MSFT261218C00340000,2026-12-18,call,340.0,2026-03-31T04:00:00Z,57.48,62.05,57.48,62.05,2,2,59.765
2026-03-31,MSFT261218C00375000,2026-12-18,call,375.0,2026-03-31T04:00:00Z,41,42.55,39.01,42.55,15,6,39.856667
2026-03-31,MSFT261218C00410000,2026-12-18,call,410.0,2026-03-31T04:00:00Z,25.54,27.52,24.65,27.4,26,18,26.099615
2026-03-31,MSFT261218C00530000,2026-12-18,call,530.0,2026-03-31T04:00:00Z,4.55,4.7,4.38,4.68,18,8,4.652222
2026-03-31,MSFT261218C00555000,2026-12-18,call,555.0,2026-03-31T04:00:00Z,3.17,3.43,3.17,3.3,515,496,3.298718
2026-03-31,MSFT261218C00300000,2026-12-18,call,300.0,2026-03-31T04:00:00Z,84.62,89.28,84.62,89.28,3,3,86.633333
2026-03-31,MSFT261218C00400000,2026-12-18,call,400.0,2026-03-31T04:00:00Z,28.95,31.75,28,31.4,163,71,29.830982
2026-03-31,MSFT261218C00460000,2026-12-18,call,460.0,2026-03-31T04:00:00Z,12.65,13.55,11.75,13.4,59,45,12.625424
2026-03-31,MSFT261218C00545000,2026-12-18,call,545.0,2026-03-31T04:00:00Z,3.75,3.84,3.65,3.81,21,4,3.786667
2026-03-31,MSFT261218P00270000,2026-12-18,put,270.0,2026-03-31T04:00:00Z,8.37,8.37,7.45,7.45,4,3,8.12
2026-03-31,MSFT261218P00275000,2026-12-18,put,275.0,2026-03-31T04:00:00Z,9,9,7.85,7.85,21,4,8.45
2026-03-31,MSFT261218P00310000,2026-12-18,put,310.0,2026-03-31T04:00:00Z,16.17,16.47,15.22,15.25,594,78,15.418064
2026-03-31,MSFT261218P00315000,2026-12-18,put,315.0,2026-03-31T04:00:00Z,17.52,17.95,17.35,17.45,29,17,17.451379
2026-03-31,MSFT261218P00345000,2026-12-18,put,345.0,2026-03-31T04:00:00Z,26.61,26.61,25.25,25.25,47,9,26.036596
2026-03-31,MSFT261218P00365000,2026-12-18,put,365.0,2026-03-31T04:00:00Z,35.99,36.6,34.07,34.07,75,9,35.452533
2026-03-31,MSFT261218P00430000,2026-12-18,put,430.0,2026-03-31T04:00:00Z,72.82,72.83,72.82,72.83,10,4,72.822
2026-03-31,MSFT261218C00625000,2026-12-18,call,625.0,2026-03-31T04:00:00Z,1.7,1.7,1.29,1.45,16,9,1.5
2026-03-31,MSFT261218P00200000,2026-12-18,put,200.0,2026-03-31T04:00:00Z,2.1,2.1,2.1,2.1,1,1,2.1
2026-03-31,MSFT261218P00245000,2026-12-18,put,245.0,2026-03-31T04:00:00Z,4.85,4.85,4.6,4.6,25,3,4.61
2026-03-31,MSFT261218P00255000,2026-12-18,put,255.0,2026-03-31T04:00:00Z,5.45,5.46,5.45,5.46,6,3,5.455
2026-03-31,MSFT261218P00265000,2026-12-18,put,265.0,2026-03-31T04:00:00Z,6.8,6.8,6.75,6.75,19,10,6.757895
2026-03-31,MSFT261218P00355000,2026-12-18,put,355.0,2026-03-31T04:00:00Z,31.65,32.5,29.12,29.15,28,12,29.568571
2026-03-31,MSFT261218P00395000,2026-12-18,put,395.0,2026-03-31T04:00:00Z,49.86,49.86,49.86,49.86,2,1,49.86
2026-03-31,MSFT261218P00410000,2026-12-18,put,410.0,2026-03-31T04:00:00Z,61.1,62.27,59,59,17,3,61.045294
2026-03-31,MSFT261218C00630000,2026-12-18,call,630.0,2026-03-31T04:00:00Z,1.25,1.25,1.25,1.25,20,1,1.25
2026-03-31,MSFT261218C00800000,2026-12-18,call,800.0,2026-03-31T04:00:00Z,0.25,0.32,0.25,0.28,136,4,0.285221
2026-03-31,MSFT261218C00700000,2026-12-18,call,700.0,2026-03-31T04:00:00Z,0.65,0.65,0.65,0.65,40,1,0.65
2026-03-31,MSFT261218P00185000,2026-12-18,put,185.0,2026-03-31T04:00:00Z,1.29,1.29,1.25,1.25,12,2,1.283333
2026-03-31,MSFT261218P00210000,2026-12-18,put,210.0,2026-03-31T04:00:00Z,2.47,2.47,2.2,2.21,31,4,2.213226
2026-03-31,MSFT261218P00220000,2026-12-18,put,220.0,2026-03-31T04:00:00Z,3.03,3.15,3.03,3.15,25,2,3.1452
2026-03-31,MSFT261218P00225000,2026-12-18,put,225.0,2026-03-31T04:00:00Z,3.1,3.1,2.97,2.97,60,10,3.035
2026-03-31,MSFT261218P00320000,2026-12-18,put,320.0,2026-03-31T04:00:00Z,18.6,19.55,17.41,17.41,49,18,18.893469
2026-03-31,MSFT261218P00335000,2026-12-18,put,335.0,2026-03-31T04:00:00Z,22.4,22.4,22.1,22.1,38,4,22.322368
2026-03-31,MSFT261218P00380000,2026-12-18,put,380.0,2026-03-31T04:00:00Z,43.47,44.37,40.55,40.55,37,19,41.214595
2026-03-31,MSFT261218C00675000,2026-12-18,call,675.0,2026-03-31T04:00:00Z,0.88,0.88,0.86,0.86,6,2,0.863333
2026-03-31,MSFT261218P00290000,2026-12-18,put,290.0,2026-03-31T04:00:00Z,11.8,11.8,11.8,11.8,1,1,11.8
2026-03-31,MSFT261218P00300000,2026-12-18,put,300.0,2026-03-31T04:00:00Z,14,14.25,12.4,12.4,15,11,13.725333
2026-03-31,MSFT261218P00450000,2026-12-18,put,450.0,2026-03-31T04:00:00Z,90.28,93.05,86.55,86.55,40,14,87.859
2026-03-31,MSFT261218P00480000,2026-12-18,put,480.0,2026-03-31T04:00:00Z,117.93,117.93,117.93,117.93,15,1,117.93
2026-03-31,MSFT261218C00655000,2026-12-18,call,655.0,2026-03-31T04:00:00Z,1.01,1.09,1.01,1.09,7,2,1.021429
2026-03-31,MSFT261218P00370000,2026-12-18,put,370.0,2026-03-31T04:00:00Z,38.46,39.3,35.8,35.8,37,14,37.131622
2026-03-31,MSFT261218P00500000,2026-12-18,put,500.0,2026-03-31T04:00:00Z,132.16,132.7,132.16,132.7,2,2,132.43
2026-03-31,MSFT261218P00180000,2026-12-18,put,180.0,2026-03-31T04:00:00Z,1,1,1,1,1,1,1
2026-03-31,MSFT261218P00240000,2026-12-18,put,240.0,2026-03-31T04:00:00Z,4.25,4.25,4,4,52,9,4.219231
2026-03-31,MSFT261218P00415000,2026-12-18,put,415.0,2026-03-31T04:00:00Z,64.7,66.01,64.4,64.4,13,4,64.566154
2026-03-31,MSFT261218P00470000,2026-12-18,put,470.0,2026-03-31T04:00:00Z,108.83,108.83,106.1,106.1,2,2,107.465
2026-03-31,MSFT261218C00670000,2026-12-18,call,670.0,2026-03-31T04:00:00Z,0.86,0.88,0.86,0.88,10,3,0.868
2026-03-31,MSFT261218P00425000,2026-12-18,put,425.0,2026-03-31T04:00:00Z,69.91,69.91,69.91,69.91,1,1,69.91
2026-03-31,MSFT261218P00205000,2026-12-18,put,205.0,2026-03-31T04:00:00Z,2.11,2.24,2.11,2.24,2,2,2.175
2026-03-31,MSFT261218P00330000,2026-12-18,put,330.0,2026-03-31T04:00:00Z,21.65,22.06,19.9,19.9,90,15,21.352111
2026-03-31,MSFT261218P00350000,2026-12-18,put,350.0,2026-03-31T04:00:00Z,29.28,30.44,27.02,27.02,20,17,28.859
2026-03-31,MSFT261218P00400000,2026-12-18,put,400.0,2026-03-31T04:00:00Z,55.85,55.85,51.65,51.65,14,8,52.754286
2026-03-31,MSFT261218C00640000,2026-12-18,call,640.0,2026-03-31T04:00:00Z,1.2,1.2,1.2,1.2,1,1,1.2
2026-03-31,MSFT261218P00390000,2026-12-18,put,390.0,2026-03-31T04:00:00Z,48.95,48.95,46.95,46.95,7,3,47.521429
2026-03-31,MSFT261218P00215000,2026-12-18,put,215.0,2026-03-31T04:00:00Z,2.74,2.74,2.74,2.74,1,1,2.74
2026-03-31,MSFT261218P00280000,2026-12-18,put,280.0,2026-03-31T04:00:00Z,9.7,9.91,8.72,8.78,9,8,9.162222
2026-03-31,MSFT261218P00285000,2026-12-18,put,285.0,2026-03-31T04:00:00Z,10.68,10.7,10.68,10.7,5,5,10.694
2026-03-31,MSFT261218P00360000,2026-12-18,put,360.0,2026-03-31T04:00:00Z,33.2,34.5,31.25,31.25,45,13,33.280667
2026-03-31,MSFT261218P00385000,2026-12-18,put,385.0,2026-03-31T04:00:00Z,47.45,47.45,47.45,47.45,1,1,47.45
2026-03-31,MSFT261218P00190000,2026-12-18,put,190.0,2026-03-31T04:00:00Z,1.44,1.44,1.44,1.44,1,1,1.44
2026-03-31,MSFT261218P00445000,2026-12-18,put,445.0,2026-03-31T04:00:00Z,88.3,88.3,86.95,86.95,10,2,87.085
2026-03-31,MSFT261218P00325000,2026-12-18,put,325.0,2026-03-31T04:00:00Z,20.45,21.15,19.15,19.15,57,8,19.288947
2026-03-31,MSFT261218P00340000,2026-12-18,put,340.0,2026-03-31T04:00:00Z,25.19,26.04,23.45,23.45,63,11,24.069048
2026-03-31,MSFT261218P00475000,2026-12-18,put,475.0,2026-03-31T04:00:00Z,111.5,113.48,111.5,112.7,13,6,112.852308
2026-03-31,MSFT261218P00175000,2026-12-18,put,175.0,2026-03-31T04:00:00Z,0.96,0.96,0.87,0.87,10,4,0.908
2026-03-31,MSFT261218C00650000,2026-12-18,call,650.0,2026-03-31T04:00:00Z,1,1.02,1,1.01,3,3,1.01
2026-03-31,MSFT261218P00250000,2026-12-18,put,250.0,2026-03-31T04:00:00Z,5.55,5.64,4.92,4.95,38,11,5.409211
2026-03-31,MSFT261218P00405000,2026-12-18,put,405.0,2026-03-31T04:00:00Z,56.13,56.13,56.13,56.13,2,2,56.13
2026-03-31,MSFT261218P00460000,2026-12-18,put,460.0,2026-03-31T04:00:00Z,99.62,100,99.62,100,51,2,99.992549
2026-03-31,MSFT261218P00490000,2026-12-18,put,490.0,2026-03-31T04:00:00Z,126.33,126.33,126.33,126.33,5,1,126.33
2026-03-31,MSFT261218P00550000,2026-12-18,put,550.0,2026-03-31T04:00:00Z,180.11,180.11,180.11,180.11,1,1,180.11
2026-03-31,MSFT270115C00555000,2027-01-15,call,555.0,2026-03-31T04:00:00Z,4,4.12,3.78,4.1,17,9,3.884706
2026-03-31,MSFT270115C00565000,2027-01-15,call,565.0,2026-03-31T04:00:00Z,3.6,3.6,3.58,3.58,2,2,3.59
2026-03-31,MSFT270115C00580000,2027-01-15,call,580.0,2026-03-31T04:00:00Z,3.15,3.15,2.49,3,20,8,2.9495
2026-03-31,MSFT270115C00505000,2027-01-15,call,505.0,2026-03-31T04:00:00Z,8.9,8.9,7.7,8.05,32,9,7.99375
2026-03-31,MSFT270115C00200000,2027-01-15,call,200.0,2026-03-31T04:00:00Z,172,172,171.6,171.6,40,2,171.61
2026-03-31,MSFT270115C00320000,2027-01-15,call,320.0,2026-03-31T04:00:00Z,75,78.2,73.15,77.07,10,7,75.637
2026-03-31,MSFT270115C00400000,2027-01-15,call,400.0,2026-03-31T04:00:00Z,32,34.2,30,33,644,325,32.362764
2026-03-31,MSFT270115C00440000,2027-01-15,call,440.0,2026-03-31T04:00:00Z,18.8,20.35,17.8,19.6,137,30,19.577445
2026-03-31,MSFT270115C00450000,2027-01-15,call,450.0,2026-03-31T04:00:00Z,16.54,17.75,15.65,17.18,721,180,16.6638
2026-03-31,MSFT270115C00500000,2027-01-15,call,500.0,2026-03-31T04:00:00Z,8.1,8.82,7.75,8.4,1063,385,8.361524
2026-03-31,MSFT270115C00520000,2027-01-15,call,520.0,2026-03-31T04:00:00Z,6.45,6.7,5.99,6.7,182,33,6.41456
2026-03-31,MSFT270115C00270000,2027-01-15,call,270.0,2026-03-31T04:00:00Z,110.7,110.7,110.7,110.7,1,1,110.7
2026-03-31,MSFT270115C00310000,2027-01-15,call,310.0,2026-03-31T04:00:00Z,79.98,84.9,79.98,84.9,4,3,83.36
2026-03-31,MSFT270115C00380000,2027-01-15,call,380.0,2026-03-31T04:00:00Z,40.24,42.9,38.5,42,97,70,40.947938
2026-03-31,MSFT270115C00510000,2027-01-15,call,510.0,2026-03-31T04:00:00Z,7.15,7.58,6.55,7.58,117,11,7.377094
2026-03-31,MSFT270115C00575000,2027-01-15,call,575.0,2026-03-31T04:00:00Z,3.01,3.3,2.99,3.2,233,28,3.084249
2026-03-31,MSFT270115C00630000,2027-01-15,call,630.0,2026-03-31T04:00:00Z,1.69,1.69,1.69,1.69,1,1,1.69
2026-03-31,MSFT270115C00640000,2027-01-15,call,640.0,2026-03-31T04:00:00Z,1.5,1.63,1.5,1.63,6,2,1.608333
2026-03-31,MSFT270115C00645000,2027-01-15,call,645.0,2026-03-31T04:00:00Z,1.46,1.46,1.46,1.46,5,1,1.46
2026-03-31,MSFT270115C00280000,2027-01-15,call,280.0,2026-03-31T04:00:00Z,105.5,105.5,105.5,105.5,5,1,105.5
2026-03-31,MSFT270115C00420000,2027-01-15,call,420.0,2026-03-31T04:00:00Z,24.9,26.58,23.5,25.7,194,77,25.46768
2026-03-31,MSFT270115C00470000,2027-01-15,call,470.0,2026-03-31T04:00:00Z,12.5,13.26,11.85,12.97,234,26,13.076026
2026-03-31,MSFT270115C00490000,2027-01-15,call,490.0,2026-03-31T04:00:00Z,8.9,10.2,8.9,10.2,58,23,9.768621
2026-03-31,MSFT270115C00535000,2027-01-15,call,535.0,2026-03-31T04:00:00Z,5.13,5.3,5.13,5.2,72,17,5.190833
2026-03-31,MSFT270115C00570000,2027-01-15,call,570.0,2026-03-31T04:00:00Z,3.26,3.4,3.2,3.4,58,7,3.26931
2026-03-31,MSFT270115C00585000,2027-01-15,call,585.0,2026-03-31T04:00:00Z,2.77,2.77,2.77,2.77,1,1,2.77
2026-03-31,MSFT270115C00600000,2027-01-15,call,600.0,2026-03-31T04:00:00Z,2.87,2.87,2.2,2.33,314,90,2.329618
2026-03-31,MSFT270115C00340000,2027-01-15,call,340.0,2026-03-31T04:00:00Z,61.62,65.2,61.3,65.2,16,13,63.096875
2026-03-31,MSFT270115C00360000,2027-01-15,call,360.0,2026-03-31T04:00:00Z,49.85,52.8,48.15,51.72,82,62,50.243293
2026-03-31,MSFT270115C00390000,2027-01-15,call,390.0,2026-03-31T04:00:00Z,35.6,38.23,34.5,38,51,28,36.340784
2026-03-31,MSFT270115C00530000,2027-01-15,call,530.0,2026-03-31T04:00:00Z,5.55,5.8,5.25,5.75,39,18,5.539231
2026-03-31,MSFT270115C00560000,2027-01-15,call,560.0,2026-03-31T04:00:00Z,3.7,3.9,3.7,3.9,8,3,3.755
2026-03-31,MSFT270115C00620000,2027-01-15,call,620.0,2026-03-31T04:00:00Z,1.87,1.92,1.87,1.92,5,2,1.88
2026-03-31,MSFT270115C00290000,2027-01-15,call,290.0,2026-03-31T04:00:00Z,98.15,99,98.15,99,2,2,98.575
2026-03-31,MSFT270115C00430000,2027-01-15,call,430.0,2026-03-31T04:00:00Z,21.47,23.11,20.54,22.7,219,44,22.595571
2026-03-31,MSFT270115C00525000,2027-01-15,call,525.0,2026-03-31T04:00:00Z,5.9,6.1,5.86,6.1,18,8,6.014444
2026-03-31,MSFT270115C00545000,2027-01-15,call,545.0,2026-03-31T04:00:00Z,4.5,4.67,4.5,4.6,5,4,4.564
2026-03-31,MSFT270115C00605000,2027-01-15,call,605.0,2026-03-31T04:00:00Z,2.24,2.25,2.13,2.22,18,8,2.188333
2026-03-31,MSFT270115C00370000,2027-01-15,call,370.0,2026-03-31T04:00:00Z,45.2,47.95,43.4,47.95,207,87,45.40087
2026-03-31,MSFT270115C00410000,2027-01-15,call,410.0,2026-03-31T04:00:00Z,28.07,29.86,26.95,29.24,113,45,29.121062
2026-03-31,MSFT270115C00590000,2027-01-15,call,590.0,2026-03-31T04:00:00Z,2.65,2.65,2.65,2.65,100,5,2.65
2026-03-31,MSFT270115C00610000,2027-01-15,call,610.0,2026-03-31T04:00:00Z,2.17,2.17,2.17,2.17,1,1,2.17
2026-03-31,MSFT270115C00615000,2027-01-15,call,615.0,2026-03-31T04:00:00Z,1.91,1.91,1.91,1.91,1,1,1.91
2026-03-31,MSFT270115C00650000,2027-01-15,call,650.0,2026-03-31T04:00:00Z,1.28,1.44,1.24,1.4,59,17,1.355932
2026-03-31,MSFT270115C00660000,2027-01-15,call,660.0,2026-03-31T04:00:00Z,1.19,1.19,1.19,1.19,8,1,1.19
2026-03-31,MSFT270115C00175000,2027-01-15,call,175.0,2026-03-31T04:00:00Z,202,202,202,202,1,1,202
2026-03-31,MSFT270115C00330000,2027-01-15,call,330.0,2026-03-31T04:00:00Z,67.85,69.65,66,68.32,8,7,67.95625
2026-03-31,MSFT270115C00350000,2027-01-15,call,350.0,2026-03-31T04:00:00Z,55.05,59.35,53.5,57.84,115,59,56.246783
2026-03-31,MSFT270115C00540000,2027-01-15,call,540.0,2026-03-31T04:00:00Z,4.79,5,4.65,5,12,9,4.893333
2026-03-31,MSFT270115C00550000,2027-01-15,call,550.0,2026-03-31T04:00:00Z,4.16,4.42,3.96,4.35,351,75,4.246781
2026-03-31,MSFT270115C00625000,2027-01-15,call,625.0,2026-03-31T04:00:00Z,1.75,1.84,1.7,1.83,118,43,1.759915
2026-03-31,MSFT270115C00250000,2027-01-15,call,250.0,2026-03-31T04:00:00Z,127.9,132.5,127.3,132.5,25,11,129.0312
2026-03-31,MSFT270115C00300000,2027-01-15,call,300.0,2026-03-31T04:00:00Z,89.35,93.4,86,93.4,47,29,89.226383
2026-03-31,MSFT270115C00460000,2027-01-15,call,460.0,2026-03-31T04:00:00Z,14.42,15.4,13.65,15.07,118,34,14.903644
2026-03-31,MSFT270115C00480000,2027-01-15,call,480.0,2026-03-31T04:00:00Z,10.95,11.7,10.3,11.7,124,39,11.258629
2026-03-31,MSFT270115C00515000,2027-01-15,call,515.0,2026-03-31T04:00:00Z,6.85,7.05,6.75,7.05,65,10,6.976154
2026-03-31,MSFT270115P00480000,2027-01-15,put,480.0,2026-03-31T04:00:00Z,116.77,118.5,116.1,118.05,11,7,117.086364
2026-03-31,MSFT270115P00175000,2027-01-15,put,175.0,2026-03-31T04:00:00Z,1.1,1.11,1.09,1.11,50,9,1.0912
2026-03-31,MSFT270115P00250000,2027-01-15,put,250.0,2026-03-31T04:00:00Z,6.8,6.8,5.36,5.36,879,328,6.049295
2026-03-31,MSFT270115P00260000,2027-01-15,put,260.0,2026-03-31T04:00:00Z,7.71,7.71,6.51,6.85,300,243,6.9053
2026-03-31,MSFT270115P00300000,2027-01-15,put,300.0,2026-03-31T04:00:00Z,14.45,15.4,13.1,13.15,215,54,14.129581
2026-03-31,MSFT270115C00675000,2027-01-15,call,675.0,2026-03-31T04:00:00Z,1.04,1.09,1.04,1.09,2,2,1.065
2026-03-31,MSFT270115P00210000,2027-01-15,put,210.0,2026-03-31T04:00:00Z,2.86,2.86,2.71,2.79,28,14,2.780357
2026-03-31,MSFT270115P00230000,2027-01-15,put,230.0,2026-03-31T04:00:00Z,4.23,4.25,3.65,3.65,25,20,3.9792
2026-03-31,MSFT270115P00270000,2027-01-15,put,270.0,2026-03-31T04:00:00Z,9.6,9.6,7.85,7.85,285,33,8.843158
2026-03-31,MSFT270115P00370000,2027-01-15,put,370.0,2026-03-31T04:00:00Z,39.9,39.9,37,37.4,154,33,37.43539
2026-03-31,MSFT270115P00400000,2027-01-15,put,400.0,2026-03-31T04:00:00Z,56.43,57.6,52.5,53.1,42,17,55.126429
2026-03-31,MSFT270115P00420000,2027-01-15,put,420.0,2026-03-31T04:00:00Z,69.65,70.38,66.3,66.3,186,11,70.152796
2026-03-31,MSFT270115P00440000,2027-01-15,put,440.0,2026-03-31T04:00:00Z,83.6,85.32,81.05,81.1,22,4,81.382727
2026-03-31,MSFT270115C00670000,2027-01-15,call,670.0,2026-03-31T04:00:00Z,1.12,1.12,1.12,1.12,1,1,1.12
2026-03-31,MSFT270115P00185000,2027-01-15,put,185.0,2026-03-31T04:00:00Z,1.46,1.64,1.45,1.48,13,10,1.532308
2026-03-31,MSFT270115P00310000,2027-01-15,put,310.0,2026-03-31T04:00:00Z,17.45,18.17,15.76,15.9,151,27,16.70245
2026-03-31,MSFT270115P00350000,2027-01-15,put,350.0,2026-03-31T04:00:00Z,31.05,31.55,28.15,28.15,240,200,29.823917
2026-03-31,MSFT270115P00380000,2027-01-15,put,380.0,2026-03-31T04:00:00Z,44.48,46.11,41.86,42.32,148,28,42.919797
2026-03-31,MSFT270115P00450000,2027-01-15,put,450.0,2026-03-31T04:00:00Z,91,93.22,87.5,88.1,30,7,88.197333
2026-03-31,MSFT270115P00500000,2027-01-15,put,500.0,2026-03-31T04:00:00Z,136.4,136.4,132,132,8,2,133.65
2026-03-31,MSFT270115P00525000,2027-01-15,put,525.0,2026-03-31T04:00:00Z,160.8,160.8,160.8,160.8,3,1,160.8
2026-03-31,MSFT270115P00180000,2027-01-15,put,180.0,2026-03-31T04:00:00Z,1.38,1.38,1.14,1.14,26,8,1.260385
2026-03-31,MSFT270115P00240000,2027-01-15,put,240.0,2026-03-31T04:00:00Z,5.09,5.35,4.4,4.72,160,31,4.655563
2026-03-31,MSFT270115P00320000,2027-01-15,put,320.0,2026-03-31T04:00:00Z,19.95,20.6,18.28,18.35,261,172,19.362184
2026-03-31,MSFT270115P00360000,2027-01-15,put,360.0,2026-03-31T04:00:00Z,36.25,36.25,32.5,32.5,87,23,34.638506
2026-03-31,MSFT270115C00700000,2027-01-15,call,700.0,2026-03-31T04:00:00Z,0.8,1,0.7,0.87,66,13,0.854394
2026-03-31,MSFT270115P00410000,2027-01-15,put,410.0,2026-03-31T04:00:00Z,60.1,60.1,59.18,59.18,4,4,59.7825
2026-03-31,MSFT270115P00510000,2027-01-15,put,510.0,2026-03-31T04:00:00Z,145.92,145.92,145.92,145.92,18,1,145.92
2026-03-31,MSFT270115C00695000,2027-01-15,call,695.0,2026-03-31T04:00:00Z,0.9,0.9,0.9,0.9,21,1,0.9
2026-03-31,MSFT270115C00800000,2027-01-15,call,800.0,2026-03-31T04:00:00Z,0.32,0.38,0.3,0.35,399,32,0.342055
2026-03-31,MSFT270115P00220000,2027-01-15,put,220.0,2026-03-31T04:00:00Z,3.72,3.72,2.96,2.97,133,92,3.281203
2026-03-31,MSFT270115P00280000,2027-01-15,put,280.0,2026-03-31T04:00:00Z,10.5,10.8,9.48,9.58,36,14,10.0375
2026-03-31,MSFT270115P00600000,2027-01-15,put,600.0,2026-03-31T04:00:00Z,235.42,235.47,235.22,235.22,3,3,235.37
2026-03-31,MSFT270115P00190000,2027-01-15,put,190.0,2026-03-31T04:00:00Z,1.7,1.7,1.7,1.7,1,1,1.7
2026-03-31,MSFT270115P00200000,2027-01-15,put,200.0,2026-03-31T04:00:00Z,2.26,2.36,1.89,1.89,49,13,1.992857
2026-03-31,MSFT270115P00330000,2027-01-15,put,330.0,2026-03-31T04:00:00Z,23.2,23.53,21.25,21.25,59,14,21.749322
2026-03-31,MSFT270115P00390000,2027-01-15,put,390.0,2026-03-31T04:00:00Z,51.07,51.07,47.17,47.37,25,5,47.6084
2026-03-31,MSFT270115P00430000,2027-01-15,put,430.0,2026-03-31T04:00:00Z,74,74,74,74,1,1,74
2026-03-31,MSFT270115P00490000,2027-01-15,put,490.0,2026-03-31T04:00:00Z,121.61,121.61,121.61,121.61,8,1,121.61
2026-03-31,MSFT270115C00720000,2027-01-15,call,720.0,2026-03-31T04:00:00Z,0.69,0.69,0.69,0.69,2,1,0.69
2026-03-31,MSFT270115C00750000,2027-01-15,call,750.0,2026-03-31T04:00:00Z,0.5,0.5,0.5,0.5,14,1,0.5
2026-03-31,MSFT270115P00195000,2027-01-15,put,195.0,2026-03-31T04:00:00Z,1.78,1.78,1.74,1.74,9,3,1.762222
2026-03-31,MSFT270115P00290000,2027-01-15,put,290.0,2026-03-31T04:00:00Z,12.82,12.82,11.25,11.25,15,5,11.608
2026-03-31,MSFT270115P00340000,2027-01-15,put,340.0,2026-03-31T04:00:00Z,26.5,26.73,24.6,24.6,6,6,25.631667
2026-03-31,MSFT270319C00310000,2027-03-19,call,310.0,2026-03-31T04:00:00Z,86.85,86.85,86.85,86.85,1,1,86.85
2026-03-31,MSFT270319C00380000,2027-03-19,call,380.0,2026-03-31T04:00:00Z,45.04,48.25,44.15,47,47,28,45.672766
2026-03-31,MSFT270319C00390000,2027-03-19,call,390.0,2026-03-31T04:00:00Z,41.41,42.85,39.5,42.85,22,16,41.752727
2026-03-31,MSFT270319C00650000,2027-03-19,call,650.0,2026-03-31T04:00:00Z,2.08,2.3,2.08,2.3,8,3,2.145
2026-03-31,MSFT270319P00410000,2027-03-19,put,410.0,2026-03-31T04:00:00Z,66.31,66.31,62.9,62.9,11,3,65.64
2026-03-31,MSFT270319C00260000,2027-03-19,call,260.0,2026-03-31T04:00:00Z,123.45,123.45,123.45,123.45,2,1,123.45
2026-03-31,MSFT270319C00500000,2027-03-19,call,500.0,2026-03-31T04:00:00Z,12.6,12.6,11.2,12,149,58,11.858523
2026-03-31,MSFT270319P00185000,2027-03-19,put,185.0,2026-03-31T04:00:00Z,2.03,2.1,1.89,1.89,12,5,1.938333
2026-03-31,MSFT270319C00340000,2027-03-19,call,340.0,2026-03-31T04:00:00Z,68,68.12,65.25,68.12,6,4,67.368333
2026-03-31,MSFT270319C00350000,2027-03-19,call,350.0,2026-03-31T04:00:00Z,59.45,63.2,58.5,62.85,71,29,60.698873
2026-03-31,MSFT270319C00450000,2027-03-19,call,450.0,2026-03-31T04:00:00Z,21.26,22.4,20.28,22,56,29,21.377321
2026-03-31,MSFT270319C00490000,2027-03-19,call,490.0,2026-03-31T04:00:00Z,12.8,13.85,12.67,13.7,41,18,13.416098
2026-03-31,MSFT270319P00340000,2027-03-19,put,340.0,2026-03-31T04:00:00Z,28.6,28.8,27.85,27.85,7,6,28.321429
2026-03-31,MSFT270319C00320000,2027-03-19,call,320.0,2026-03-31T04:00:00Z,79.4,82.05,77.85,82.05,6,6,80.18
2026-03-31,MSFT270319C00470000,2027-03-19,call,470.0,2026-03-31T04:00:00Z,16.6,17.35,16,17.35,45,16,16.990222
2026-03-31,MSFT270319P00260000,2027-03-19,put,260.0,2026-03-31T04:00:00Z,9.36,9.36,8.8,8.8,2,2,9.08
2026-03-31,MSFT270319P00330000,2027-03-19,put,330.0,2026-03-31T04:00:00Z,26.17,26.17,24.3,24.35,72,29,25.56
2026-03-31,MSFT270319C00570000,2027-03-19,call,570.0,2026-03-31T04:00:00Z,5.2,5.21,4.97,5.21,8,4,5.16625
2026-03-31,MSFT270319P00210000,2027-03-19,put,210.0,2026-03-31T04:00:00Z,3.69,3.69,3.68,3.68,3,2,3.686667
2026-03-31,MSFT270319P00290000,2027-03-19,put,290.0,2026-03-31T04:00:00Z,13.5,13.5,13.5,13.5,1,1,13.5
2026-03-31,MSFT270319P00420000,2027-03-19,put,420.0,2026-03-31T04:00:00Z,72,73.75,68.96,68.96,176,8,72.932045
2026-03-31,MSFT270319C00420000,2027-03-19,call,420.0,2026-03-31T04:00:00Z,29.41,31.6,28.35,31.55,70,34,30.153286
2026-03-31,MSFT270319C00560000,2027-03-19,call,560.0,2026-03-31T04:00:00Z,5.54,6.1,5.5,5.88,49,12,5.635102
2026-03-31,MSFT270319C00580000,2027-03-19,call,580.0,2026-03-31T04:00:00Z,4.4,4.67,4.4,4.67,7,3,4.477143
2026-03-31,MSFT270319P00250000,2027-03-19,put,250.0,2026-03-31T04:00:00Z,7.75,7.75,6.95,6.95,23,8,7.015217
2026-03-31,MSFT270319P00280000,2027-03-19,put,280.0,2026-03-31T04:00:00Z,12.7,13.02,11.59,11.59,50,10,11.8174
2026-03-31,MSFT270319P00350000,2027-03-19,put,350.0,2026-03-31T04:00:00Z,33.86,34.5,31.58,31.58,28,9,33.675714
2026-03-31,MSFT270319P00400000,2027-03-19,put,400.0,2026-03-31T04:00:00Z,57.25,57.25,57.25,57.25,1,1,57.25
2026-03-31,MSFT270319P00460000,2027-03-19,put,460.0,2026-03-31T04:00:00Z,98.07,98.07,98.07,98.07,1,1,98.07
2026-03-31,MSFT270319C00520000,2027-03-19,call,520.0,2026-03-31T04:00:00Z,9.3,9.55,8.7,9.4,28,20,9.39
2026-03-31,MSFT270319C00590000,2027-03-19,call,590.0,2026-03-31T04:00:00Z,3.98,3.98,3.98,3.98,2,2,3.98
2026-03-31,MSFT270319C00610000,2027-03-19,call,610.0,2026-03-31T04:00:00Z,2.97,2.97,2.97,2.97,2,2,2.97
2026-03-31,MSFT270319P00240000,2027-03-19,put,240.0,2026-03-31T04:00:00Z,6.65,6.65,5.78,5.78,26,3,6.616538
2026-03-31,MSFT270319C00185000,2027-03-19,call,185.0,2026-03-31T04:00:00Z,191.86,191.86,191.86,191.86,1,1,191.86
2026-03-31,MSFT270319C00430000,2027-03-19,call,430.0,2026-03-31T04:00:00Z,27.1,28.05,25.83,27.5,29,20,27.086552
2026-03-31,MSFT270319P00230000,2027-03-19,put,230.0,2026-03-31T04:00:00Z,5.48,5.48,5.35,5.35,6,3,5.458333
2026-03-31,MSFT270319C00330000,2027-03-19,call,330.0,2026-03-31T04:00:00Z,72.45,73.99,71,73.99,19,9,71.991579
2026-03-31,MSFT270319C00620000,2027-03-19,call,620.0,2026-03-31T04:00:00Z,3.01,3.01,3.01,3.01,3,1,3.01
2026-03-31,MSFT270319P00360000,2027-03-19,put,360.0,2026-03-31T04:00:00Z,38.22,39.6,35.6,36.3,126,21,36.713095
2026-03-31,MSFT270319P00480000,2027-03-19,put,480.0,2026-03-31T04:00:00Z,115.42,115.42,115.42,115.42,1,1,115.42
2026-03-31,MSFT270319C00410000,2027-03-19,call,410.0,2026-03-31T04:00:00Z,33.4,35,31.99,34.85,77,30,33.767013
2026-03-31,MSFT270319C00460000,2027-03-19,call,460.0,2026-03-31T04:00:00Z,18.5,20,18,19.95,679,67,18.57651
2026-03-31,MSFT270319C00530000,2027-03-19,call,530.0,2026-03-31T04:00:00Z,8.45,8.45,8.35,8.35,8,8,8.38
2026-03-31,MSFT270319C00640000,2027-03-19,call,640.0,2026-03-31T04:00:00Z,2.48,2.48,2.47,2.47,2,2,2.475
2026-03-31,MSFT270319P00270000,2027-03-19,put,270.0,2026-03-31T04:00:00Z,10.9,11.1,9.8,9.85,65,17,10.047692
2026-03-31,MSFT270319P00300000,2027-03-19,put,300.0,2026-03-31T04:00:00Z,17.39,17.39,15.72,15.75,6,6,16.018333
2026-03-31,MSFT270319P00370000,2027-03-19,put,370.0,2026-03-31T04:00:00Z,42.92,43.8,40.1,40.65,134,40,41.039179
2026-03-31,MSFT270319C00220000,2027-03-19,call,220.0,2026-03-31T04:00:00Z,155.5,158,155.5,158,2,2,156.75
2026-03-31,MSFT270319C00440000,2027-03-19,call,440.0,2026-03-31T04:00:00Z,24.5,25.2,22.7,24.65,20,16,24.435
2026-03-31,MSFT270319C00600000,2027-03-19,call,600.0,2026-03-31T04:00:00Z,3.63,3.95,3.63,3.75,67,8,3.673881
2026-03-31,MSFT270319P00320000,2027-03-19,put,320.0,2026-03-31T04:00:00Z,22.7,23.5,20.8,21.05,695,60,23.168705
2026-03-31,MSFT270319C00300000,2027-03-19,call,300.0,2026-03-31T04:00:00Z,92.89,96.21,92,95,17,11,93.872353
2026-03-31,MSFT270319C00480000,2027-03-19,call,480.0,2026-03-31T04:00:00Z,14.77,15.8,14.18,15.8,76,48,15.105
2026-03-31,MSFT270319P00190000,2027-03-19,put,190.0,2026-03-31T04:00:00Z,2.36,2.36,2.25,2.25,2,2,2.305
2026-03-31,MSFT270319C00370000,2027-03-19,call,370.0,2026-03-31T04:00:00Z,48.9,52.58,48.53,52,54,47,50.767963
2026-03-31,MSFT270319P00200000,2027-03-19,put,200.0,2026-03-31T04:00:00Z,3.19,3.19,3.19,3.19,1,1,3.19
2026-03-31,MSFT270319C00270000,2027-03-19,call,270.0,2026-03-31T04:00:00Z,118.15,118.15,118.15,118.15,2,2,118.15
2026-03-31,MSFT270319C00360000,2027-03-19,call,360.0,2026-03-31T04:00:00Z,54.6,58.25,53.55,57.58,45,35,55.51
2026-03-31,MSFT270319C00400000,2027-03-19,call,400.0,2026-03-31T04:00:00Z,36.87,39.45,35.5,38.55,193,99,37.500052
2026-03-31,MSFT270319C00250000,2027-03-19,call,250.0,2026-03-31T04:00:00Z,131,135.31,131,135.31,4,4,134.035
2026-03-31,MSFT270319C00280000,2027-03-19,call,280.0,2026-03-31T04:00:00Z,107.45,110.99,105.8,110.99,4,4,107.5225
2026-03-31,MSFT270319C00510000,2027-03-19,call,510.0,2026-03-31T04:00:00Z,10.23,10.8,10.19,10.65,60,26,10.3475
2026-03-31,MSFT270319C00540000,2027-03-19,call,540.0,2026-03-31T04:00:00Z,7.33,7.4,7.33,7.35,8,8,7.37875
2026-03-31,MSFT270319C00550000,2027-03-19,call,550.0,2026-03-31T04:00:00Z,6.3,6.63,6.1,6.5,38,15,6.315
2026-03-31,MSFT270319P00310000,2027-03-19,put,310.0,2026-03-31T04:00:00Z,19.85,20.5,18.3,18.3,23,14,19.476087
2026-03-31,MSFT270319P00380000,2027-03-19,put,380.0,2026-03-31T04:00:00Z,48.1,49.1,45.4,45.85,35,17,47.101143
2026-03-31,MSFT270319P00390000,2027-03-19,put,390.0,2026-03-31T04:00:00Z,54.9,54.9,50.65,50.75,45,13,51.912444
2026-03-31,MSFT270319P00195000,2027-03-19,put,195.0,2026-03-31T04:00:00Z,2.39,2.39,2.39,2.39,2,1,2.39
2026-03-31,MSFT270319C00200000,2027-03-19,call,200.0,2026-03-31T04:00:00Z,177.68,178.5,177.68,178.5,6,3,177.816667
2026-03-31,MSFT270319C00240000,2027-03-19,call,240.0,2026-03-31T04:00:00Z,138,138,138,138,1,1,138
2026-03-31,MSFT270319P00500000,2027-03-19,put,500.0,2026-03-31T04:00:00Z,138,138,138,138,1,1,138
2026-03-31,MSFT270319P00550000,2027-03-19,put,550.0,2026-03-31T04:00:00Z,185.35,185.35,185.35,185.35,1,1,185.35
2026-03-31,MSFT270319P00580000,2027-03-19,put,580.0,2026-03-31T04:00:00Z,213.19,213.19,213.19,213.19,1,1,213.19
2026-03-31,MSFT270319P00600000,2027-03-19,put,600.0,2026-03-31T04:00:00Z,232.68,232.68,232.68,232.68,2,1,232.68
